NN_data2 = [
0.0659874,
0.05647101,
0.02707756,
0.00144648,
-0.06387939,
0.00381605,
0.01271521,
-0.02758181,
0.04276987,
0.04162811,
-0.06833148,
-0.05942237,
0.00735211,
0.03009325,
0.03052921,
0.01109603,
0.02063304,
0.0618108,
-0.03616419,
-0.02458621,
-0.03127154,
0.01983598,
-0.06007382,
-0.06573237,
-0.04126998,
0.00675602,
-0.02849595,
-0.01835537,
-0.07919265,
0.0364112,
0.01393041,
-0.07648107,
0.01354466,
0.02710697,
0.00289758,
0.0225548,
0.06283433,
0.0736892,
-0.04333414,
-0.05816744,
0.08624078,
-0.01711541,
0.03148746,
-0.02338034,
-0.0283236,
0.0014037,
0.06358366,
-0.00770658,
0.02480045,
-0.0824025,
0.02309337,
-0.00882884,
-0.03449284,
0.06602696,
0.05338525,
-0.03637729,
0.00815674,
0.05295128,
0.07671841,
0.02620433,
-0.08140259,
-0.04920981,
0.00139012,
-0.07588865,
0.03961437,
0.08561035,
-0.008049,
0.0276176,
0.03904218,
-0.05858999,
-0.03687659,
-0.03908342,
-0.07532033,
-0.01503374,
-0.08078004,
-0.02325304,
0.04525059,
0.0652244,
-0.05828785,
-0.00197586,
0.05031411,
-0.0320988,
-0.03658025,
-0.00645658,
-0.04540288,
-0.04570841,
-0.0860556,
0.07487064,
-0.04448045,
-0.00528134,
0.02443226,
0.02458737,
0.07372618,
0.03465367,
0.03885273,
0.0564006,
-0.0095538,
-0.06479809,
0.04303723,
-0.07648154,
0.04070695,
-0.04239225,
-0.03760467,
0.04376213,
-0.02753294,
-0.03797908,
0.05937443,
-0.00755103,
-0.08161107,
0.03102438,
-0.07875936,
0.02049942,
0.04853953,
-0.07311763,
0.01247044,
-0.00518248,
0.01252327,
0.03426897,
0.05132126,
-0.01621401,
0.01835744,
0.0253892,
-0.4195305,
-0.03029143,
-0.28165582,
0.03507548,
0.41765767,
0.0387652,
-0.0390408,
-0.13116787,
0.02475475,
0.01695607,
-0.2190372,
0.05026101,
-0.27767113,
0.06616626,
0.27369818,
0.06826792,
0.01098768,
-0.07625302,
0.07083993,
0.07946273,
0.13240178,
-0.05986455,
-0.1094767,
0.00823398,
-0.15605713,
0.0284293,
0.00485199,
-0.00526319,
0.07914644,
0.07098555,
0.03092379,
0.05793965,
-0.08678931,
0.07593132,
-0.12781315,
0.01005156,
0.04804958,
0.07381534,
-0.05122787,
-0.04534466,
0.01991034,
-0.04850433,
-0.05287969,
-0.02649223,
0.00123286,
-0.03999709,
0.02645488,
0.0709058,
-0.02008773,
0.01158119,
-0.03260023,
0.07607497,
0.02320568,
-0.02279691,
-0.01934555,
-0.04857637,
0.05516437,
-0.04695,
0.0768699,
0.06609184,
-0.01597467,
-0.03862736,
-0.05926504,
-0.04236338,
0.04091006,
0.04240338,
-0.07922816,
0.01225587,
-0.04924305,
0.07748332,
0.06812381,
-0.03650005,
-0.02302831,
-0.07087652,
0.00647563,
-0.08511346,
-0.07844499,
-0.05653974,
0.02961188,
0.03212394,
-0.03725796,
0.00186901,
0.04132479,
-0.04112547,
0.0439029,
0.01722451,
0.05956506,
0.04288367,
-0.03398475,
0.03925364,
-0.06759205,
0.01525545,
0.07632691,
-0.07939881,
-0.04503544,
-0.02212001,
0.02693912,
0.00544764,
0.05508468,
-0.03362065,
0.00076896,
-0.06753939,
0.02270338,
-0.03498228,
-0.03747251,
-0.03780175,
0.08434182,
-0.01870257,
0.01155726,
0.07389025,
0.05927796,
-0.03814623,
-0.03744967,
0.0536109,
0.04473432,
-0.0566225,
0.02192839,
-0.05552981,
-0.04466225,
0.07028779,
0.04041225,
0.03915095,
0.00178289,
0.05819071,
-0.06502651,
0.01360722,
0.02155373,
-0.08537,
0.08537699,
-0.02951739,
0.0563698,
-0.08097254,
0.04390561,
0.00130022,
0.02143533,
0.06172792,
0.06551414,
-0.03028299,
0.06107555,
0.08232156,
0.07362499,
0.06633294,
-0.00997864,
0.05252371,
-0.06182574,
0.08284964,
-0.07871345,
0.01608433,
0.02206093,
0.05350641,
0.06318059,
-0.04008527,
-0.0539232,
0.07262459,
-0.08621522,
-0.07835696,
0.01823579,
-0.08155111,
0.05187456,
-0.05894771,
0.06661075,
-0.01676274,
0.00010255,
0.01173189,
-0.00038604,
-0.00270808,
-0.00291044,
-0.00744317,
-0.04256,
-0.05838831,
-0.06425336,
-0.02734401,
-0.07443434,
0.05823608,
-0.0510264,
-0.08445407,
-0.0857747,
-0.08104112,
-0.02364407,
0.00301577,
0.0727529,
-0.03530584,
-0.03385361,
-0.04867985,
-0.03646259,
0.00176556,
0.05479205,
-0.03422849,
-0.00810357,
-0.07889505,
0.00627061,
-0.06521963,
0.04084583,
0.07192359,
-0.05983622,
0.0680932,
-0.03081783,
0.05187152,
0.04348151,
0.0217995,
-0.10886758,
-0.0757359,
-0.07822065,
-0.02656597,
0.13928868,
-0.05079116,
-0.00619534,
-0.08271383,
-0.05722741,
-0.00190917,
-0.1625634,
0.06668402,
-0.0076853,
0.06975014,
0.22302887,
0.07288532,
-0.08326341,
-0.02264506,
0.04557479,
0.07541399,
-0.09960834,
-0.02878142,
-0.5304607,
-0.01000247,
0.5798597,
0.02674734,
0.04719477,
-0.11986297,
-0.06567188,
-0.10819309,
-0.00446497,
-0.07356802,
-0.6651308,
0.07110188,
0.73889935,
-0.15417394,
-0.02291001,
0.00615263,
-0.03925264,
-0.2688689,
-0.02019084,
0.02338795,
-0.5757881,
0.0859255,
0.62094975,
-0.3542914,
-0.10025872,
0.01270084,
0.03012508,
-0.32614264,
-0.19839898,
-0.05290718,
-0.605892,
0.02211299,
0.668884,
-0.1877115,
-0.17704593,
0.02354526,
-0.06540595,
-0.2615995,
-0.32768273,
-0.00095522,
-0.55202204,
-0.02757816,
0.76835716,
-0.21037793,
-0.19276883,
-0.20689507,
-0.07731427,
-0.04306096,
-0.59449464,
-0.04557898,
-1.0109469,
-0.02306454,
0.15136226,
-0.56058085,
-0.3044364,
-0.7278204,
-0.01089226,
0.04452412,
-0.9927116,
-0.17931443,
-1.0877026,
0.05289293,
0.5807999,
-0.73940384,
-0.15889315,
-0.5716717,
0.05924464,
-0.33458272,
-0.6941793,
-0.07603411,
-1.134413,
-0.06708857,
0.42904672,
-0.58414316,
-0.18870544,
-0.6055361,
-0.08475337,
0.63673204,
0.08837257,
-0.37650177,
-0.7414236,
-0.02981787,
-0.25607738,
-0.05908896,
-0.3097805,
-0.18335037,
-0.03972859,
0.42798427,
0.2632512,
-0.45167592,
-0.92698395,
-0.05598645,
0.13432923,
-0.46528962,
-0.6561686,
-0.6478785,
-0.02399201,
-0.6531375,
0.62123305,
-0.5733768,
-1.068584,
0.00327484,
-0.0877094,
-0.42120743,
-0.6779845,
-0.670223,
-0.0455035,
-0.95998764,
0.07562268,
-0.17762059,
-0.8953913,
0.01609268,
0.69148844,
-0.369103,
-0.5224426,
-0.6532355,
-0.04055251,
-0.385,
-0.6201667,
-0.02206584,
-0.74111354,
-0.03996506,
1.025305,
0.04747125,
-0.34655148,
-0.19427204,
-0.07545321,
0.05677193,
-0.8778186,
0.01119988,
-0.71133256,
-0.07286789,
0.74229217,
0.03726412,
-0.2623256,
-0.13897228,
-0.07962701,
-0.02481333,
-0.50617963,
0.06680345,
-0.8397734,
0.00456055,
0.9382322,
0.06598007,
-0.33641928,
-0.32181802,
-0.04630454,
0.02944627,
-0.43215302,
0.0543435,
-0.50791657,
-0.01944365,
0.6784583,
-0.0621503,
-0.10648616,
-0.23229213,
-0.02091228,
-0.07827187,
-0.13351929,
-0.04068677,
-0.59153473,
0.0715085,
0.617555,
-0.00551416,
-0.06546461,
-0.37657556,
-0.07753212,
0.01420691,
-0.0612817,
0.06815489,
-0.56273663,
0.0161806,
0.5269136,
-0.07398699,
-0.07632766,
-0.2428947,
0.03488103,
0.05506834,
0.01483674,
-0.07548736,
0.03203402,
-0.01805238,
-0.06487426,
0.00192633,
0.08255496,
-0.01885728,
-0.02362705,
-0.0128499,
-0.01707014,
-0.07455869,
0.03119243,
-0.01471611,
0.02321777,
0.03437653,
0.07408757,
0.03014363,
0.05827675,
0.02976889,
0.08122449,
0.01711066,
-0.06764045,
0.04661331,
-0.01179986,
-0.02218854,
0.04767189,
0.06243812,
0.04045064,
0.06839704,
0.03718053,
-0.08099706,
-0.03573882,
-0.05000778,
-0.04033263,
0.0860564,
0.01129898,
-0.0734055,
0.022702776,
-0.014634125,
0.021660656,
5.9276819e-05,
-0.081287816,
-0.0038185939,
0.064232714,
-0.0026377961,
0.050775655,
0.031953819,
0.0078712,
-0.01674233,
-0.0122687,
0.0805653,
0.00090848,
0.05546423,
0.08614778,
-0.02810853,
-0.06357518,
0.03949026,
0.01252348,
0.00380155,
0.06367502,
-0.07744619,
-0.09215644,
-0.02286065,
0.23806916,
-0.08581344,
0.05345594,
-0.03821411,
0.08109949,
-0.03326019,
0.02103409,
-0.00203361,
-0.49650663,
0.0269542,
0.50387204,
-0.12058446,
-0.04839938,
-0.2808328,
-0.05928089,
0.03314338,
-0.47634336,
-0.00357897,
-0.55600536,
-0.07803643,
0.7007174,
-0.15251093,
-0.25819764,
-0.22469322,
-0.03884643,
-0.05700547,
-0.03921783,
-0.3390637,
-0.16829059,
0.07674677,
0.62498665,
0.02696697,
-0.14865063,
0.04183383,
0.00493524,
-0.13508841,
-0.10616505,
-0.4024194,
-0.6097829,
-0.0688972,
0.64001614,
-0.08917935,
-0.00599519,
-0.07984724,
-0.02158437,
-0.334209,
-0.27460653,
-0.34031072,
-0.740558,
0.04908849,
1.149483,
-0.12080842,
-0.43230787,
0.04008082,
-0.04376602,
-0.7085577,
0.5341114,
-0.47910455,
-0.77107626,
0.02228624,
0.5329039,
-0.23745291,
-0.71809286,
0.03605768,
-0.07435395,
-0.62461936,
0.63899016,
-0.76972395,
-1.1441877,
-0.03355574,
0.50248426,
-0.32128707,
-0.71182066,
-0.21885121,
0.0251127,
-0.7039605,
0.31970194,
-0.7786116,
-1.1718618,
-0.05532468,
0.94066334,
-0.5621954,
-0.9189508,
-0.65957046,
0.03065986,
-0.6671202,
0.7874563,
-0.2353928,
-2.1042752,
-0.06331299,
1.0612128,
-0.72826487,
-1.2858018,
-0.6188551,
0.03503544,
-0.96237016,
0.43888527,
0.13408573,
-1.7869554,
-0.02198924,
0.66599506,
-0.8716697,
-1.6220785,
-0.6309489,
-0.06293152,
-0.6033143,
0.21922722,
0.19128123,
-1.7366225,
-0.08786863,
0.43679947,
-0.6215674,
-1.4675629,
-0.81068474,
0.02805563,
0.19572279,
0.22457789,
0.1663096,
-1.8130622,
-0.08781577,
0.6487454,
-0.15833905,
-1.6763316,
-0.5960599,
-0.06978167,
0.52808094,
0.41583934,
-0.6366756,
-0.5415193,
-0.00258749,
0.4624433,
-0.5349645,
-1.5153636,
-0.31014705,
0.03839233,
0.5554064,
0.422613,
-1.2698778,
-0.15454909,
-0.0327315,
0.39098367,
-0.51827186,
-1.8415282,
-0.66280663,
0.04538307,
-0.09900317,
0.18241629,
-0.9606849,
-0.19781683,
-0.08502306,
0.5874001,
-0.2637258,
-0.47102538,
-0.59010255,
0.02477489,
-1.0021434,
0.244019,
-0.64158314,
-1.3012345,
-0.08062525,
0.31709668,
-0.09490558,
0.12293085,
-0.43537548,
-0.07680762,
-0.8877758,
-0.24480507,
-0.76572865,
-1.0254687,
-0.05953095,
0.44915926,
-0.07868028,
-1.100972,
-0.4808157,
-0.08436425,
-0.7244142,
0.00765335,
-0.37338248,
-0.832933,
-0.04859301,
0.69576764,
0.0168105,
-1.0200849,
-0.2667697,
-0.02016831,
-0.7858747,
0.04419143,
-0.27229092,
-0.3482373,
0.02379478,
0.7451426,
0.06800885,
-0.8297016,
-0.20559616,
-0.06657172,
-0.4864618,
-0.5013055,
-0.24832219,
-0.4067296,
-0.03708424,
0.8505926,
-0.00189977,
-0.5952605,
-0.18178679,
-0.074688166,
-0.58898747,
-0.072113365,
-0.031443667,
-0.86510956,
-0.00032742321,
0.96524793,
-0.068824887,
-0.96660918,
-0.17860527,
-0.0309339,
-0.27243978,
0.49856254,
0.08594006,
-0.425945,
-0.0429548,
0.28876755,
0.08232336,
-0.69873995,
0.03855005,
0.0448974,
0.05152816,
0.5284779,
0.0566443,
-0.02491213,
0.02440389,
-0.40385333,
0.0131378,
-0.15454887,
-0.09850524,
-0.01279774,
0.04965878,
0.02164928,
0.00353273,
-0.00848036,
0.04074057,
0.06653655,
0.02037986,
-0.0371342,
0.08359266,
0.06497585,
0.01085605,
-0.05532881,
0.02382366,
-0.01352918,
0.031692,
-0.02531703,
-0.00887301,
-0.06623928,
-0.02863573,
0.02819537,
0.0689901,
0.0509666,
-0.0789568,
0.05560946,
-0.0702214,
-0.04627173,
0.08607581,
0.05364764,
-0.07809319,
0.04933641,
0.00414131,
-0.04669099,
0.05606499,
0.02464212,
-0.05742447,
0.07859351,
0.03379968,
-0.00094917,
-0.0365405,
-0.06026704,
0.5669449,
-0.18790427,
-0.32168418,
-0.20661408,
0.02041566,
-0.36584973,
0.0423707,
-0.47026914,
-0.05204976,
-0.01778077,
0.45364726,
-0.23740163,
-0.22636347,
-0.64866215,
-0.05009329,
0.59090203,
-0.24117148,
-0.5037142,
-0.22098097,
-0.00474853,
-0.01249714,
-0.63795936,
-0.4642122,
-0.69066674,
-0.07493716,
-0.36460757,
-0.24152192,
-0.1397445,
-0.33010995,
-0.05529289,
-0.5304493,
0.02069905,
0.01105279,
-0.1675851,
0.02465466,
0.05999153,
-0.25417477,
-0.49645948,
-0.39557508,
0.0057179,
-0.02412616,
0.12604299,
-0.17475772,
-0.7016514,
0.00804485,
0.7993359,
-0.58486766,
-0.5454756,
-0.32956457,
-0.01655468,
-0.40819743,
0.5373706,
0.263519,
-1.4472358,
0.00713721,
0.62760323,
-0.93676883,
-0.9247751,
-0.3398009,
0.05445535,
-0.99935305,
0.33706656,
0.7394697,
-1.3111231,
0.0566246,
0.27690953,
-1.0443361,
-1.2402488,
-0.41258332,
0.03780346,
-0.41919333,
0.91377157,
0.20563678,
-1.0154256,
0.06049449,
0.5701433,
-1.1198152,
-1.0669748,
-0.48355153,
0.05841175,
-0.25532663,
0.62580174,
0.31017587,
-0.76509625,
0.04668538,
0.5329096,
-0.8921851,
-0.27066195,
-0.9097058,
0.00019992582,
-0.63703889,
0.5162546,
0.57323653,
-0.67522579,
0.043618575,
0.4229942,
-1.0451295,
-0.45290253,
-1.0268259,
-0.0070843,
-0.4126254,
0.20896244,
0.62520945,
-1.0237806,
0.0496848,
-0.03780532,
-1.0154604,
-0.43582878,
-1.2664953,
-0.03362045,
-0.4444311,
0.4348888,
0.18028699,
-2.1034074,
0.05001439,
-0.03300542,
-1.0845283,
-0.2390583,
-1.3742201,
0.02101998,
-0.7780738,
0.22473513,
0.42117912,
-1.4596022,
0.0075341,
0.06964605,
-0.7226156,
-0.2395221,
-1.6204631,
-0.09439994,
-0.08930193,
0.02565046,
0.1884942,
-0.96909964,
-0.06313337,
0.19577628,
-0.84687185,
-0.14632276,
-1.7161126,
-0.01983323,
-0.29114637,
0.2597493,
0.12744603,
-0.80702513,
0.0104156,
-0.05325715,
-0.7459729,
-0.26769894,
-1.4067575,
0.066541992,
-0.3079471,
-0.043347452,
0.25530431,
-0.37520087,
-0.046173424,
0.0006857019,
-0.82785815,
-0.099532343,
-0.69782758,
-0.06677985,
-0.3292699,
-0.26152986,
0.17988499,
-0.44195104,
-0.04601871,
0.17958838,
-0.6032418,
0.32778636,
0.12775542,
0.03356605,
-0.47747096,
-0.19256917,
0.08910195,
-0.19966011,
-0.04624493,
0.37703723,
-0.4909341,
-0.24495961,
-0.25465295,
-0.05865403,
-0.61140066,
-0.40403962,
0.3208787,
-0.47590002,
-0.06504549,
0.04635266,
-0.5821768,
-0.23328204,
-0.65916526,
-0.03317793,
-0.6343831,
-0.17088813,
-0.31947252,
-0.11902183,
-0.09315515,
0.19112152,
-0.65177137,
0.09030093,
-0.5519284,
-0.01910972,
-0.45766714,
-0.16239563,
-0.97088516,
-0.09296505,
0.00652537,
0.3021695,
-0.5203776,
0.27634206,
-0.17074838,
-0.00730054,
-0.9105333,
-1.325115,
-0.82052356,
-0.22507067,
-0.05597942,
0.39811483,
-0.03003034,
0.32605994,
-0.06296701,
-0.06548742,
-1.1166686,
-0.09713686,
-0.6411811,
-0.2548418,
0.04576183,
0.27457792,
-0.07013943,
-0.2877546,
-0.0247188,
-0.00702176243,
-0.724969149,
0.448535025,
0.0618341044,
-0.111482993,
-0.000110283494,
-0.224128038,
0.00481887069,
-0.194297627,
-0.0395847782,
-0.00069932,
-0.5500465,
-0.13417886,
0.03052981,
-0.3046398,
-0.05253416,
0.36143944,
0.05204124,
-0.51995003,
-0.07513679,
0.01950905,
0.07898537,
0.02353845,
-0.07904473,
0.05066038,
0.05277339,
-0.084705,
-0.07020053,
0.02237201,
0.0383378,
0.00530756,
0.05251787,
-0.0166086,
-0.03205432,
0.05391531,
0.00593923,
-0.03091558,
0.02010176,
0.00087509,
-0.04503826,
-0.02348299,
0.02627623,
-0.1927362,
0.31664816,
0.03572265,
-0.0664787,
0.05211063,
-0.01359735,
-0.05140563,
-0.03686197,
0.07927219,
0.51902807,
-0.45460513,
0.5096713,
-0.09235537,
0.01453555,
-0.45298672,
-0.07901984,
0.10977726,
-0.02700347,
0.0080587,
0.5025158,
-0.48322573,
0.756114,
-0.49337542,
0.06038167,
-0.08605811,
0.48623627,
-0.49229023,
-0.19019736,
-0.00330541,
0.49574664,
-0.6821541,
0.7232056,
0.4603466,
-0.07297951,
0.2429648,
0.0111573,
-0.7421767,
0.02446045,
-0.03449782,
-0.7791408,
0.2640148,
0.4947353,
0.13088489,
-0.08788656,
0.20331477,
-0.59900755,
-0.97420317,
-0.5189425,
0.07054756,
0.24860677,
0.6861236,
0.27779034,
-0.4368224,
0.05431999,
0.21852764,
-1.0017554,
-1.5687257,
-0.3586264,
-0.08592764,
0.21666025,
0.12243133,
0.41708177,
0.02373309,
0.04711612,
0.20725556,
-1.2161024,
-0.370161,
-1.0371819,
-0.04125043,
-0.33458441,
0.2647379,
0.5675078,
-0.28151572,
0.01597131,
0.1318451,
-1.4467285,
0.11014704,
-1.1511537,
0.07141533,
-0.24539906,
0.42608276,
0.28545392,
-0.5491739,
0.03084294,
-0.03450577,
-1.017275,
0.39715496,
-1.5578389,
0.07070094,
0.24764486,
0.37290943,
0.41997495,
-0.70091003,
0.01662376,
-0.00641069,
-1.3046551,
0.1913464,
-1.6566952,
0.01614295,
-0.13491833,
0.38760906,
0.46635213,
-0.16457139,
-0.04532611,
-0.21390854,
-1.142828,
0.15598683,
-1.2520866,
0.05422828,
-0.15872389,
0.391765,
0.4311793,
-0.02993343,
-0.06037869,
-0.249853,
-0.8424291,
0.41397476,
-1.414116,
-0.020760877,
0.091052577,
0.29852435,
0.44739157,
-0.32892346,
0.00062771386,
-0.15243043,
-0.84172249,
0.036452897,
-1.3521274,
-0.0722056,
0.16556613,
0.15380159,
0.22916777,
-0.765811,
-0.0855253,
-0.13797247,
-1.2236965,
0.26824757,
-1.0612944,
0.07898516,
0.11877877,
0.04555587,
0.10856578,
-0.55138123,
0.00646366,
-0.17636181,
-1.3834532,
0.2349516,
-1.414886,
-0.01434198,
-0.18444048,
0.00698645,
0.20181388,
-0.33611035,
-0.05809299,
-0.00609528,
-1.4204991,
0.12458457,
-1.2336997,
-0.06173862,
-0.30992183,
0.04536502,
0.01745383,
-0.18647183,
0.00597507,
-0.0218907,
-1.9070321,
0.05180712,
-1.2238402,
0.0425013,
-0.16051756,
-0.0507767,
0.21004024,
-0.44749746,
0.04950146,
-0.05907628,
-1.7828493,
0.03621805,
-0.6235159,
-0.025652699,
0.10262887,
-0.17177996,
-0.0044778907,
-0.0047621313,
-0.00069045037,
-0.050705515,
-1.5193045,
-0.11481425,
-2.3533795,
-0.08029722,
-0.01965627,
-0.11680175,
-0.17937158,
0.39886516,
0.04352217,
0.0898867,
-1.107824,
0.17810364,
-2.0247111,
0.05016026,
-0.10754586,
-0.39750835,
-0.3737544,
0.6838705,
-0.04051729,
-0.08929557,
-0.01413617,
0.03603661,
-1.7018847,
-0.09406164,
-0.2610716,
-0.681929,
-0.17808418,
0.5968525,
0.01751918,
0.00659267,
-0.37607032,
-0.02287882,
-1.1871217,
-0.03581413,
-0.40490726,
-1.149042,
-1.5259013,
0.24691787,
0.09298649,
0.16789356,
-0.62919235,
-0.20231879,
-0.83637685,
0.01224624,
-1.0078733,
-1.0191891,
-0.5834879,
0.28641155,
0.0384145,
-0.2508031,
-0.19418614,
0.30336338,
-0.4122848,
-0.03479836,
-1.1803209,
0.11197066,
-0.04500994,
-0.5996466,
-0.08578531,
-0.01845843,
-0.29390848,
0.32570484,
-0.20925836,
0.02062343,
-0.91389894,
-0.54475087,
-0.01381967,
-0.3470992,
-0.05764142,
0.0607637,
-0.3707963,
0.38511556,
-0.16291761,
-0.07139345,
-0.6609095,
-0.5197421,
0.08670428,
-0.51514935,
0.02720919,
-0.05372028,
0.06880052,
-0.22437586,
-0.03067076,
0.05888245,
0.0331649,
0.04412427,
0.08346895,
0.06795711,
-0.05056405,
0.0630986,
0.04060449,
-0.01268657,
-0.02112602,
-0.0425291,
0.05260155,
-0.02581975,
-0.01098154,
-0.08322404,
-0.07317207,
-0.03455456,
-0.05567107,
0.00679598,
0.00624531,
0.04581671,
0.5615424,
0.2986387,
-0.03277585,
-0.49647233,
0.07374568,
0.56765753,
-0.32704946,
-0.59458506,
-0.20497824,
0.01183724,
0.5061962,
0.19626908,
0.66073483,
0.20385584,
0.08415637,
-0.66136944,
0.32264456,
-0.5339201,
-0.6390284,
-0.03394268,
0.52959484,
0.67033416,
1.0319363,
0.24457589,
0.04513243,
-0.62826425,
-0.6060581,
-1.0336072,
-0.39933652,
0.00456245,
-0.31632283,
0.30229577,
0.7792821,
0.1293288,
0.01651686,
-0.4624913,
0.45002833,
-0.34191647,
-1.0185603,
-0.05434203,
-0.25768963,
0.2599128,
0.48731485,
-0.09080973,
-0.0329659,
-0.07302407,
0.37808195,
0.0613404,
-1.9393659,
0.0042260853,
-0.51091379,
0.069550581,
0.32738817,
-0.093873627,
0.00079302531,
-0.28596097,
0.30357572,
0.12985668,
-0.91066819,
-0.00358234,
-1.3409302,
0.01871372,
0.10757434,
-0.12666653,
-0.05329962,
0.25411394,
0.2814119,
-0.05806387,
-0.6747929,
-0.0631651,
-1.0758138,
-0.06803495,
0.19445162,
0.09489536,
0.03093735,
-0.09378004,
0.29314637,
-0.05244529,
-0.7467327,
0.01351106,
-0.48854044,
0.13018431,
0.10165779,
-0.16390434,
-0.0148585,
-0.15545903,
-0.03295085,
-0.1755599,
-0.45182064,
0.07053382,
-0.4742213,
0.18935455,
0.08452354,
-0.06722093,
-0.05259394,
-0.4370441,
-0.17843501,
0.10871416,
0.24267454,
-0.03353361,
-0.45332092,
0.25636393,
0.12531556,
0.05392009,
0.04313859,
-0.1836818,
-0.06617513,
0.21218432,
-0.03906625,
0.05096671,
-0.32509062,
0.11766959,
0.173513,
-0.46875858,
0.01043727,
-0.3654193,
-0.10464031,
0.13154687,
0.01429298,
0.04610145,
-0.16571549,
0.0205763,
0.11217135,
-0.02898165,
-0.09445278,
-0.24948923,
-0.2553529,
0.16789007,
-0.186462,
-0.00033793,
0.01104045,
-0.02136209,
0.19083467,
-0.09818725,
-0.03687589,
-0.29332954,
-0.33415875,
0.03838085,
-0.20051013,
-0.01827415,
-0.33040148,
0.25090137,
0.09293257,
-0.0573662,
-0.09793397,
-0.50200206,
-0.36037055,
0.07878966,
-0.65150404,
0.02838387,
-0.59511364,
0.0902167,
-0.1609625,
-0.05074224,
-0.00369722,
-0.23153482,
-0.4512958,
0.10432414,
-0.51322573,
-0.02129464,
-0.34006202,
-0.09619427,
-0.08137155,
0.01433171,
0.05620693,
-0.04367549,
-0.34681112,
-0.13459791,
-0.5201689,
0.00151274,
-0.26792365,
-0.24813074,
-0.03570985,
0.03365316,
-0.06024848,
0.08666993,
-0.73835987,
-0.00760245,
-0.28446442,
0.04411288,
-0.30409202,
-0.05215137,
-0.06898394,
-0.087102,
0.03700064,
0.16978018,
-1.3485668,
0.03958812,
-0.30543792,
-0.05983068,
0.0948313,
-0.03626534,
-0.32809913,
-0.1150884,
-0.00133527,
0.07774538,
-0.84743994,
-0.19036542,
-0.53067183,
-0.01596005,
0.18074682,
-0.04722283,
-0.37990424,
0.01940356,
0.08266272,
-0.1993899,
-0.52646226,
-0.22960551,
-0.63099164,
0.01075932,
-0.05811434,
-0.28719887,
-0.77271694,
0.16631447,
0.06618188,
0.10870872,
-1.5536993,
-0.3999436,
-1.6650712,
-0.04889429,
-0.19263704,
-0.7446299,
-0.92756385,
-0.12457685,
0.01580857,
-0.63940203,
-0.81386644,
-0.30726042,
-1.3828058,
0.01069453,
-1.4654638,
-0.10200128,
-0.42767337,
-0.45263842,
0.07054107,
-0.5878327,
-0.3284162,
0.1920225,
-0.72538346,
-0.01123373,
-0.7061933,
-0.6066251,
-0.37125367,
-0.81697106,
0.07440844,
-0.12690571,
-0.12296231,
-0.05537513,
-0.3537851,
-0.02785286,
-0.60662013,
-0.5154995,
0.00322029,
-0.20313673,
0.03501846,
-0.08232486,
-0.06337257,
-0.46561614,
-0.03625514,
0.08181501,
-0.045908,
-0.07988507,
-0.07682273,
-0.04232653,
-0.08574449,
0.04429827,
-0.07434171,
-0.02239907,
-0.04655613,
-0.01183522,
0.06174774,
-0.45019913,
0.56459635,
-0.06771448,
-0.05128642,
-0.06559408,
-0.0891386,
-0.4253813,
-0.5141053,
-0.01111713,
-0.51041704,
-0.2361176,
0.24762845,
-0.56242317,
0.03913368,
-0.48585698,
0.63821524,
-0.66448194,
-0.56702924,
-0.02603521,
0.5580003,
0.19527374,
0.62658596,
-0.43497175,
0.05532277,
-0.29547372,
1.0086806,
-0.7682742,
-0.756116,
0.01519912,
0.556628,
0.8516936,
0.60297155,
0.22973615,
-0.09397041,
-0.5723245,
0.3118405,
-0.52942485,
-0.79209644,
-0.07498109,
-0.98755044,
0.44747275,
0.5781253,
0.44281173,
-0.00925429,
-0.20150983,
0.6075212,
0.26381782,
-1.3517405,
-0.0795486,
-1.0218251,
0.17862906,
0.23435877,
-0.12812771,
0.04504038,
-0.23759715,
0.5210472,
-0.11652563,
-0.7624427,
0.06431229,
-0.9837267,
0.15907249,
0.09848656,
0.10120702,
0.03539892,
0.04770028,
0.31228703,
-0.04370945,
-0.47313166,
-0.04208367,
-1.0153086,
0.12427571,
0.16917194,
-0.04596167,
-0.06776584,
-0.07382679,
0.34648585,
0.0155512,
-0.16952667,
0.06208701,
-1.029956,
-0.00356739,
0.12031071,
-0.04590129,
0.0038635,
-0.14862682,
0.1027094,
-0.09702625,
-0.06915051,
-0.00993362,
-0.33584246,
0.04727202,
0.18862765,
-0.33346528,
-0.02572155,
-0.3635632,
0.23393433,
-0.13400422,
-0.14022912,
-0.01014986,
-0.11720713,
0.00139552,
0.08345783,
-0.3112191,
-0.08454078,
-0.0682665,
0.3170032,
-0.02341752,
0.13927488,
-0.01260762,
-0.47031498,
0.0719541,
0.03004077,
-0.43469355,
0.05357296,
-0.14229797,
0.23317714,
0.10229877,
0.14060567,
0.00207153,
-0.43902925,
-0.00298547,
0.26610228,
-0.5423259,
0.00783387,
-0.43867636,
-0.07684889,
0.03818107,
0.33673534,
-0.09333321,
-0.23911838,
0.12955856,
0.11496133,
-0.49555612,
-0.06703103,
-0.27503428,
-0.08067583,
0.05877507,
0.29552463,
0.03288788,
-0.5169294,
0.06454075,
0.11669686,
-0.5908992,
-0.01673949,
-0.08875448,
-0.04357922,
0.1967069,
0.15399782,
0.01568858,
-0.37169024,
0.14097825,
0.1525192,
-0.6079021,
0.05397195,
-0.2905985,
-0.00352244,
0.03566415,
0.32008207,
-0.03618347,
-0.5566139,
-0.23349829,
0.0049334,
-0.37126333,
-0.00748574,
-0.16969828,
0.08766114,
0.04184739,
0.2587717,
0.02168903,
-0.21990861,
-0.18121399,
0.05587715,
-0.54554915,
-0.04510114,
-0.35128546,
-0.12801206,
-0.19971171,
0.2492854,
-0.08333378,
-0.40381303,
-0.33171123,
-0.23088202,
-0.3244566,
-0.07455108,
-0.10050297,
-0.16916549,
0.05845205,
-0.10433914,
-0.0436538,
-0.1533866,
-0.27160594,
-0.07154698,
-0.44984806,
-0.03539247,
-0.25831896,
-0.22919455,
-0.05819668,
-0.13960245,
0.03563478,
-0.12241182,
-0.31389064,
-0.13068885,
-0.23115157,
-0.0746035,
-0.03276769,
0.01586216,
-0.02679775,
-0.04798514,
-0.094278,
-0.10992642,
-0.3665791,
-0.2772778,
0.02760226,
0.03973122,
-0.00864345,
-0.11132758,
-0.20192312,
-0.44877484,
-0.07197383,
-0.0154979,
-0.7849305,
-0.51723677,
0.2997847,
0.03875139,
-0.2858284,
-0.8334694,
0.1194751,
-0.8708408,
0.02903312,
-0.28744662,
-0.9284032,
-0.88955694,
-0.33273712,
0.0476488,
-1.164418,
-0.5917972,
-0.34121636,
-1.0109042,
0.01254729,
-1.746032,
-1.0981895,
-0.66485775,
-0.4922674,
-0.04190065,
-0.67205334,
-0.8525282,
0.11481394,
-0.2970291,
0.01869661,
-0.5375492,
-0.5296902,
-0.4038601,
0.07727576,
0.02786201,
-0.6723462,
-0.16334985,
-0.24288952,
-0.66832614,
-0.00714262,
-0.34096792,
-0.23159856,
-0.05349008,
-0.26867628,
-0.06491971,
-0.55276406,
-0.01948521,
-0.2510646,
-0.07593539,
-0.04407671,
-0.03936166,
-0.01056544,
0.0012142,
-0.00594979,
0.00102979,
-0.08238712,
0.0976954,
0.01156831,
0.0171083,
-0.08240353,
-0.54945123,
-0.57219785,
0.80557066,
-0.6211413,
0.01564472,
0.03070707,
0.24253708,
-0.75249255,
-0.78834146,
0.0409499,
-0.42959946,
0.4567788,
-0.02200629,
-0.45609185,
-0.02220371,
-0.5292687,
0.77385324,
-0.88047636,
-0.77339524,
0.05774004,
-0.35146105,
0.345892,
0.34989434,
-0.26291588,
0.05460171,
-0.64713037,
1.3344265,
-0.4433111,
-0.84770244,
0.08513241,
-0.02230368,
0.7401768,
0.81238353,
0.32282016,
0.01618621,
-1.0412096,
0.49278772,
-0.07193023,
-1.0705599,
0.06048331,
-0.9997189,
0.3182188,
0.7633926,
0.49905255,
0.01577793,
-0.34806,
0.18309012,
0.24735138,
-0.9212312,
-0.01020927,
-1.3536773,
0.17573676,
0.3273244,
-0.00439467,
0.07054617,
-0.42159453,
0.40459684,
-0.01089449,
-0.38618606,
-0.01636564,
-0.4131747,
0.0307199,
0.00443528,
0.17258789,
-0.07581395,
0.11110774,
0.41461667,
-0.03251237,
-0.29340097,
-0.08964963,
-0.83954066,
0.15375446,
0.06329396,
-0.07604381,
-0.07732202,
-0.17525113,
-0.01401044,
0.0967665,
-0.07310674,
-0.03925069,
-0.6216797,
-0.02826397,
0.0681709,
-0.06149199,
-0.08864202,
-0.2006789,
0.19950426,
-0.09498485,
-0.02497963,
-0.06629388,
-0.0995121,
0.02926625,
-0.07319334,
-0.27779442,
0.00448406,
-0.12222485,
0.2570201,
0.00449835,
-0.06293209,
0.00951069,
-0.07539296,
0.09135184,
-0.09602837,
-0.16256404,
0.05688299,
-0.11632329,
0.170471,
-0.18302676,
-0.02512312,
-0.00347323,
0.06099903,
-0.07241614,
0.07774848,
-0.6013278,
-0.0399968,
-0.18396199,
0.18493694,
-0.09398033,
0.15623403,
0.0629734,
-0.13199045,
0.12831588,
0.06272112,
-0.3736227,
-0.02277104,
-0.17584309,
0.11478354,
-0.02671007,
0.38741326,
-0.00769815,
-0.10940939,
0.05981912,
0.23452698,
-0.44908085,
-0.0562256,
-0.13204421,
-0.14236921,
-0.23652375,
0.42741036,
-0.01090498,
-0.47250172,
-0.1288328,
0.17923912,
-0.5085467,
0.03190553,
-0.00652218,
0.07293303,
0.14560546,
0.46373585,
0.01056903,
-0.4183946,
-0.08118088,
0.00458221,
-0.5290356,
0.03191046,
-0.4734719,
0.15230994,
-0.033981,
0.38205907,
-0.068409,
-0.4382058,
-0.28633854,
0.00993135,
-0.2125065,
-0.08691783,
-0.2610935,
0.26657325,
-0.11048779,
0.23621288,
-0.0148871,
-0.33607304,
-0.08679113,
-0.11454709,
-0.2668534,
0.03313078,
-0.40518698,
0.22626933,
0.07389462,
0.05616561,
-0.08908303,
-0.1007229,
-0.09299245,
0.00351434,
-0.32099965,
-0.05940796,
-0.71135294,
-0.01872016,
-0.11203485,
-0.15183881,
-0.05678717,
0.00939414,
-0.23623207,
-0.10082473,
-0.3023838,
0.05465082,
-0.7481955,
0.09633791,
-0.04862757,
-0.07891846,
-0.01399262,
-0.15589526,
-0.15274404,
-0.32699075,
-0.0934971,
-0.0843593,
-0.45340145,
0.0943793,
0.08059084,
-0.03658728,
0.0262935,
-0.09060778,
0.06801009,
-0.23748843,
0.09047735,
-0.05010403,
-0.7419506,
0.08898551,
-0.06128315,
-0.24405853,
0.03579065,
-0.3016324,
-0.7927891,
-0.7421851,
0.03941941,
0.01162589,
-0.8528849,
-0.38572097,
0.07430992,
-0.44928858,
-0.05432355,
-1.216844,
-1.5005711,
-1.52891,
-0.40346128,
-0.03456211,
-0.75146216,
-0.5760163,
-0.18381412,
-0.9228459,
0.03260732,
-1.7548604,
-1.4828496,
-0.62893736,
-0.51807237,
0.07035979,
-0.9350894,
-0.6548054,
-0.475033,
-1.0789148,
0.03642096,
-0.58536196,
-0.72559106,
-0.19650923,
-0.10860454,
0.02743193,
-0.38790625,
-0.40578762,
-0.4264347,
-1.1868384,
0.02783979,
-0.5073684,
-0.26503643,
-0.05791574,
-0.5488676,
-0.08099794,
-0.7849001,
-0.04694538,
-0.285446,
-0.15700285,
-0.03612749,
0.0100291,
-0.38346562,
-0.2089499,
-0.5414465,
-0.07578732,
-0.09747067,
-0.49465084,
-0.38018584,
-0.64199233,
0.05455444,
-0.60821545,
0.4654824,
-0.27197453,
-0.633093,
0.0590191,
0.04120403,
0.8573919,
-0.8988924,
-0.93182755,
0.00259478,
-0.4419096,
0.09235872,
-0.08578911,
0.44580948,
-0.07132228,
-0.64969444,
0.41413552,
-0.9305527,
-0.9617225,
0.02207203,
0.15762861,
0.09506059,
0.35506627,
0.17045376,
0.03451917,
-0.69599533,
0.8914934,
0.28475448,
-1.0958024,
-0.082849,
-0.5191081,
0.6672168,
0.6952195,
0.2155284,
0.05671911,
-0.92636484,
0.5119508,
0.31704023,
-0.25987074,
0.0034436,
-0.7666663,
0.35716552,
0.21925743,
0.31573227,
-0.06424373,
-0.3135612,
0.30643374,
0.27487463,
-0.22296166,
0.04505603,
-0.8504845,
0.05118937,
0.06679024,
0.05966936,
-0.08665711,
-0.3658949,
0.3870609,
0.3519816,
-0.01180308,
-0.08709983,
-0.5617947,
-0.06457414,
0.03714125,
0.12636146,
-0.07304163,
-0.2701428,
0.6353431,
0.10505335,
-0.26980874,
-0.020385,
-0.77012974,
0.02859241,
-0.0380656,
-0.16673957,
-0.04275468,
-0.31873846,
0.3207532,
0.028551,
0.10364009,
-0.05577835,
-0.34849784,
0.0370221,
-0.1041287,
0.03340691,
-0.00975407,
-0.07170451,
0.17662711,
0.16933687,
-0.14678161,
-0.08936166,
-0.07104506,
0.19251232,
0.06515197,
-0.22184354,
0.06053079,
-0.20255874,
0.0446557,
-0.00464597,
-0.11279202,
-0.04113333,
-0.43640292,
-0.00127439,
-0.04183248,
-0.17582051,
0.02724709,
-0.39565343,
0.25802824,
-0.11967965,
-0.16381541,
-0.08575221,
-0.10783288,
-0.06778064,
0.10525388,
-0.31557468,
-0.03665648,
-0.3052815,
0.31681043,
0.11580473,
-0.196626,
-0.08537351,
0.07090931,
-0.02355081,
0.09555652,
-0.23590797,
-0.04473152,
-0.18639757,
0.06224437,
0.16954042,
0.09426019,
-0.0852643,
0.14241908,
0.07607304,
0.2204946,
-0.4285425,
-0.01545412,
-0.2992493,
0.26375535,
-0.09082008,
0.3736617,
0.00565719,
-0.08233054,
0.05855275,
0.2348854,
-0.26689187,
0.06534015,
-0.43287987,
0.3190713,
-0.01464508,
0.29124948,
-0.06752786,
-0.22067879,
-0.0667437,
0.03076927,
-0.3672154,
0.02123884,
-0.49292636,
0.27083668,
0.13411845,
0.16796263,
-0.09787719,
-0.01434799,
-0.07391441,
0.07613158,
-0.20298882,
-0.03037355,
-0.43136212,
0.17334162,
-0.1460984,
0.00708865,
0.0066428,
-0.1500466,
-0.2748655,
0.2672652,
-0.19292486,
0.0077797,
-0.7680189,
0.27301672,
0.06875145,
-0.08006418,
-0.03082155,
-0.13325946,
0.1261229,
0.02249836,
-0.1734419,
-0.01494202,
-0.8767932,
0.03768053,
0.0876233,
-0.04780699,
0.06488667,
-0.3854726,
-0.04122435,
-0.00815011,
-0.16785446,
0.0310547,
-1.0561086,
-0.03407986,
-0.08769377,
-0.29196346,
-0.00303251,
-0.49098322,
-0.16155481,
0.05338028,
-0.04518716,
0.03279618,
-0.7222138,
-0.15163408,
0.07777533,
-0.00134308,
0.018509084,
-0.39734721,
0.00082324463,
-0.070159398,
-0.38755003,
0.011169117,
-1.4448721,
0.019024204,
0.023390908,
-0.27582115,
-0.04625085,
-0.9610422,
-0.37307888,
-0.9844937,
-0.39655706,
-0.04178341,
-1.6403742,
-0.10615269,
-0.28917867,
-0.6045678,
-0.03657477,
-1.5273491,
-1.7943587,
-2.138854,
-0.67557967,
0.04932017,
-1.6037784,
-0.83519024,
-0.16340634,
-0.869659,
0.08284635,
-1.6682141,
-1.4682161,
-1.1020303,
-0.25147873,
-0.0280556,
-1.1784242,
-1.1384326,
-0.39377925,
-1.3413211,
0.04649354,
-0.5505432,
-0.6320863,
-0.03441219,
-0.6734243,
0.05860682,
-1.1230495,
-0.4201303,
0.24274062,
-1.0527003,
-6.0558319e-05,
-0.30629954,
0.062670395,
0.053392895,
-0.63468498,
0.083860971,
-0.86469477,
-0.33669823,
0.68991524,
-0.14135887,
-0.08160991,
-0.08087496,
-0.06072583,
-0.29346228,
-0.41861358,
0.00911772,
0.02201369,
0.47168213,
-0.10330765,
-0.44608986,
0.02671742,
-0.49903357,
-0.70374876,
-0.28227574,
-0.71637386,
-0.07773266,
-0.2342049,
0.74987745,
-0.60365343,
-0.5737694,
-0.04296707,
-0.5117218,
-0.46992365,
0.26047942,
0.30899993,
0.00935973,
-0.74370515,
0.2753836,
-0.64801544,
-0.87615657,
-0.051224,
0.19432378,
0.34647954,
0.41289455,
-0.44482118,
-0.07702735,
-0.32462582,
0.38087383,
0.22307274,
-0.17425634,
-0.07229072,
-0.80813384,
0.37142864,
0.5809587,
-0.40301755,
0.00527211,
-0.56645656,
0.54344183,
-0.04205185,
-0.31668067,
0.06424303,
-0.8568444,
0.46704787,
0.02866066,
-0.15090191,
-0.0545418,
-0.3432615,
0.18545046,
0.14986274,
-0.08559422,
-0.03176988,
-0.70895386,
-0.00421118,
0.31716904,
-0.18643744,
-0.02039975,
-0.35266897,
0.24507333,
0.19758797,
0.2702651,
0.06531376,
-0.43867466,
0.01557389,
0.37818307,
-0.07664192,
0.03983351,
-0.22371526,
0.1747262,
0.16221012,
0.02994802,
-0.03014395,
-0.55610752,
-0.11734941,
0.015181566,
-0.15435013,
-0.00025896027,
-0.28090248,
-0.03013519,
0.07779552,
-0.11515135,
0.04478851,
-0.725505,
0.06057016,
-0.02479777,
-0.19573379,
-0.03200975,
-0.39603305,
-0.02294899,
0.11846244,
-0.11047129,
-0.04717688,
-0.41391113,
0.02513454,
-0.2413408,
-0.31920856,
0.01239504,
-0.4999955,
-0.21799593,
-0.07573856,
-0.00556738,
0.07012288,
-0.26650164,
-0.05516243,
-0.53541,
-0.19431558,
-0.03459152,
-0.36079642,
0.05350142,
-0.01012108,
-0.10906235,
0.05160258,
-0.3468135,
0.06455271,
-0.49182364,
-0.23841512,
0.01716825,
-0.3251488,
0.26067024,
-0.11429754,
-0.07671204,
-0.08729117,
-0.00837442,
-0.02193595,
-0.21168646,
-0.21267673,
-0.02603291,
-0.48705858,
0.13719562,
-0.03283446,
-0.02860531,
0.03680623,
0.22733639,
0.15990265,
0.2159372,
-0.6296342,
0.0528113,
-0.27227002,
0.49750477,
-0.18080829,
0.15840381,
-0.04393629,
0.5714026,
0.17534842,
0.47916806,
-0.31886998,
-0.02733366,
-0.41935223,
0.44419435,
-0.32737738,
0.2772488,
-0.02905618,
0.27129096,
0.16342865,
0.45224315,
-0.03381268,
-0.08508135,
-0.5228218,
0.3547879,
0.06582797,
0.08985338,
0.01347831,
0.01372135,
0.1200361,
0.2243328,
-0.1376661,
-0.09209897,
-0.6387003,
0.5015964,
0.05185522,
0.01807759,
0.04107792,
-0.16915943,
-0.02414391,
0.08402912,
-0.04441582,
-0.02711964,
-0.91668725,
0.23638655,
-0.00587183,
0.02889332,
-0.07151168,
-0.37552685,
-0.06865227,
0.16464345,
-0.1676697,
-0.08800079,
-0.7525968,
0.1489898,
0.07175466,
-0.13503003,
0.000107468775,
-0.644425213,
-0.0899952948,
0.135127112,
-0.151390359,
0.0539564528,
-0.333653241,
-0.101293854,
0.0301978849,
-0.143388525,
0.02222766,
-0.36310852,
-0.2228338,
0.11306294,
-0.20669319,
0.05699007,
0.00264381,
0.01256634,
0.09193798,
-0.36220458,
0.05277205,
-0.48692253,
-0.18923368,
0.04091659,
-0.27850676,
-0.03692347,
-0.21563898,
-0.07911348,
-0.07886434,
-0.3340863,
-0.09072769,
-1.0225816,
-0.33707952,
-0.66900736,
-0.3372778,
-0.07306133,
-0.39342478,
-0.56351995,
-0.07464465,
-0.8251399,
0.01961091,
-1.2801633,
-1.4110826,
-2.636821,
-0.9063312,
-0.06679924,
-1.2978361,
-0.44469625,
-0.49814376,
-0.68564075,
-0.06534635,
-1.7013891,
-0.94283867,
-0.7676626,
-1.0988073,
-0.01768853,
-1.3846775,
-0.63211524,
-0.57271636,
-1.1202778,
-0.06220713,
-0.36765614,
-0.95218235,
-0.34719044,
-1.0606837,
-0.06919672,
-1.4568213,
-0.7123435,
0.3873761,
-1.2083235,
0.03345756,
-0.29678568,
-0.22654498,
-0.05699176,
-0.592675,
0.02990232,
-0.66341543,
-0.07426287,
-0.62354106,
-0.7198716,
-0.02931886,
-0.06245839,
-0.03776459,
-0.23059638,
-0.4676427,
-0.05122505,
-0.02337947,
0.42914346,
-0.04099139,
-0.40221992,
-0.07565682,
-0.09638644,
-0.50773907,
-0.14037256,
-0.40800953,
0.05471142,
-0.14234917,
0.78034735,
-0.64467597,
-0.4777052,
-0.01898319,
-0.609518,
-0.29151204,
0.13041967,
-0.30091062,
-0.05935346,
-0.63626844,
0.76735187,
-0.6401619,
-1.1268548,
0.04972626,
-0.34097824,
0.19555043,
0.6544453,
-0.6172029,
-0.01902583,
-0.6456865,
0.45866132,
-0.3907465,
-0.3225363,
-0.02981231,
-0.6648527,
-0.17372155,
0.46132067,
-0.20507883,
0.02950955,
-0.8793087,
0.39394543,
0.4201758,
-0.28817856,
-0.00061735988,
-0.97454232,
0.48473644,
-0.13631718,
-0.44417837,
0.0052652936,
-0.30869642,
0.21229979,
-0.21660876,
-0.065447666,
0.06925111,
-1.3161212,
0.42406112,
0.09876542,
-0.41772035,
0.06064269,
-0.43965393,
0.05134634,
0.03178231,
0.15005273,
-0.00272902,
-0.91236985,
-0.12189569,
-0.08516148,
-0.11135175,
-0.03735731,
-0.1442558,
0.00812521,
0.0756986,
-0.08758833,
-0.00671573,
-0.4529656,
-0.11863545,
-0.3778858,
-0.03113732,
-0.06981487,
-0.05708419,
-0.09921721,
-0.02249067,
0.07686315,
-0.06031714,
-0.59900343,
-0.10757725,
-0.85100806,
-0.01421267,
-0.09444134,
-0.38481858,
-0.00648137,
-0.0027085,
-0.00824638,
0.00313723,
-0.13564382,
-0.2089541,
-0.76229095,
-0.12502721,
0.04522345,
-0.3783314,
-0.12717213,
0.12089881,
-0.01089836,
-0.04284796,
-0.23803766,
-0.30231923,
-0.8622127,
-0.18181717,
-0.09589531,
-0.460185,
-0.26964766,
-0.02081096,
-0.00238248,
0.05821492,
-0.3969474,
-0.51083493,
-0.82591134,
0.05785023,
0.04519605,
-0.42942345,
-0.31037006,
-0.01851888,
-0.0247358,
0.01305889,
0.08001709,
-0.5832067,
-0.07109042,
-0.4408934,
0.00683357,
-0.22969599,
0.1254421,
-0.10127473,
-0.2522793,
0.05202585,
0.6264288,
-0.1971277,
0.12957369,
-0.9205181,
0.06679454,
-0.27822307,
0.36903936,
-0.05706437,
-0.09701806,
-0.07328574,
0.96542645,
-0.27189288,
0.2395058,
-0.08496884,
-0.04407742,
-0.4952622,
0.5792725,
-0.26213795,
-0.05145092,
-0.00465652,
0.51574343,
0.08783468,
0.39704716,
0.02315815,
0.05185764,
-0.28443524,
0.72068584,
-0.10299662,
0.07644848,
0.04002541,
0.19024481,
0.14004716,
0.3715627,
0.21575981,
-0.05199045,
-0.49290848,
0.5425099,
0.00220356,
0.21965754,
-0.07437059,
-0.1426269,
0.03882526,
0.29797056,
0.11133264,
-0.09780382,
-0.5385168,
0.38173226,
0.19967216,
0.14012542,
-0.07756934,
-0.21145244,
-0.17431585,
0.23415205,
0.03179698,
0.02669884,
-0.41525394,
0.39080313,
0.20450932,
0.06455133,
0.04420046,
-0.38497218,
-0.21011336,
0.20131296,
-0.2020439,
0.04414239,
-0.28911883,
0.37140933,
0.04375494,
-0.03442845,
-0.01225588,
-0.02651074,
-0.13425384,
0.24071625,
-0.03812597,
-0.06770724,
-0.12403806,
0.37133744,
0.19749871,
-0.12575535,
0.05704832,
-0.5178525,
-0.49873593,
0.2962661,
0.01712533,
-0.07250633,
-0.33807603,
0.2256905,
0.2387179,
-0.1471822,
-0.01206853,
-1.0932245,
-0.39060086,
-0.26986954,
-0.83287853,
-0.06878708,
-0.1927033,
-0.4590911,
-0.0113175,
-0.5689818,
0.01931722,
-1.7997116,
-0.826465,
-2.438705,
-0.76441944,
0.08466603,
-0.71811306,
-0.5411063,
-0.75871956,
-0.79873186,
0.00428277,
-0.8097875,
-0.5401747,
0.08213198,
-1.1312087,
0.0019573,
-1.2476093,
-0.5701529,
-0.94874823,
-0.31977454,
0.07036292,
-0.572213,
-1.1642096,
-0.46086687,
-1.1921483,
0.02221572,
-1.5053356,
-0.8080003,
-0.19269231,
-1.2006851,
0.0167354,
0.41737738,
-0.27651563,
-0.30456477,
-0.2687557,
-0.06344894,
-0.53747064,
-0.1656537,
-0.2526006,
-0.7060554,
-0.01108069,
0.03144266,
-0.01475044,
-0.27893236,
-0.23437725,
0.05287934,
-0.01173102,
0.3555601,
-0.01971081,
-0.2661863,
-0.01256725,
0.30370948,
-0.56028944,
0.02796532,
-0.6821089,
0.04312218,
-0.11078837,
0.5394595,
-0.69939286,
-0.7554784,
-0.09047918,
0.31690076,
-0.70602447,
0.12903757,
-0.72908473,
0.00043779501,
-0.50690007,
1.0145333,
-0.80104077,
-1.0389838,
-0.08988412,
0.065296,
-0.5665724,
0.79583067,
-0.11348239,
0.05967376,
-0.42357728,
0.5503992,
-0.5841162,
-0.31955242,
0.04036575,
-0.34804395,
-0.5267172,
0.24234393,
-0.2959039,
0.07864865,
-0.49563077,
0.42344597,
-0.27644685,
-0.24542645,
-0.03225937,
-0.5456462,
-0.04095425,
-0.6108187,
-0.20502293,
0.07693774,
-0.14223737,
-0.00425491,
-0.1039551,
0.00465729,
0.052702099,
-1.3184814,
-0.24044999,
-0.44504124,
-0.095454045,
-0.036748137,
-0.19518825,
-0.18987073,
-0.0010315565,
0.13169256,
-0.04655157,
-0.99603415,
-0.81544125,
-0.8293739,
-0.05166237,
-0.08116198,
-0.05361699,
0.08920365,
0.23945953,
0.18040684,
0.05231461,
-0.38979262,
-0.84031576,
-0.98144263,
0.03299109,
-0.08234055,
-0.17052905,
-0.17367594,
0.08336513,
0.3238639,
-0.07135095,
-0.43311808,
-0.8580294,
-0.6986283,
0.25410485,
0.05379589,
-0.01365943,
0.01528521,
0.1866936,
0.08786066,
-0.00746979,
-0.304586,
-1.1869346,
-0.5014416,
0.2413689,
-0.06246875,
-0.01754909,
0.13752134,
0.15103365,
0.1315863,
-0.04001556,
-0.43797055,
-0.88482976,
-0.2903583,
0.07944169,
-0.03708256,
-0.15763324,
0.02815193,
-0.02766421,
0.21594925,
-0.0505481,
-0.4367666,
-1.124023,
-0.1343592,
0.23827411,
-0.05197665,
-0.10711547,
-0.24278784,
0.00395962,
-0.06897574,
0.06618036,
0.1575501,
-1.2780683,
-0.07639176,
-0.94095933,
-0.01043329,
0.02614344,
-0.15194589,
0.09657466,
-0.10521921,
-0.06440651,
0.7715087,
-0.7203769,
0.14268048,
-0.8682877,
-0.0618632,
-0.12989306,
0.19614846,
0.4141286,
0.02961261,
-0.0613068,
0.9807732,
-0.3250154,
0.2306633,
0.29381523,
-0.02752998,
-0.48791882,
0.56093794,
0.12478491,
0.30726495,
-0.09370004,
0.6148924,
0.10430504,
0.14496534,
0.58801603,
-0.03463072,
-0.03888709,
0.7466007,
0.01877357,
0.49813136,
0.01937623,
0.03271571,
-0.09457961,
0.48399004,
0.41325715,
0.02382267,
-0.10125664,
0.61786914,
0.03984606,
0.60688287,
0.01949184,
0.23287971,
0.10203454,
0.2801988,
0.13983135,
0.0613129,
-0.087748,
0.69631267,
0.10423794,
0.5088435,
0.06791412,
-0.05898222,
0.23667721,
0.4262217,
0.07203212,
0.04893064,
-0.09701933,
0.28138006,
0.16760564,
0.22866996,
-0.02618586,
-0.04469186,
-0.13989061,
0.38883695,
-0.18997693,
0.04426228,
-0.02830346,
0.3445893,
0.08377989,
0.483804,
0.01228077,
-0.04435655,
-0.07905672,
0.17827082,
-0.24801561,
-0.07352722,
-0.12124038,
0.27296388,
0.12055012,
0.45291996,
-0.0043111,
-0.76327574,
-0.13574587,
0.01887287,
-0.25104114,
0.0425351,
-0.1556114,
0.21902739,
0.26308498,
0.12802772,
-0.09012598,
-1.0244195,
-0.30994838,
-0.2996378,
-0.90965366,
-0.04224567,
0.08523066,
-0.42876625,
0.19243984,
-0.4152595,
-0.0632707,
-1.3184191,
-0.2460485,
-1.3181036,
-1.3840729,
0.04357618,
-0.28471807,
-0.9310613,
0.1425173,
-0.5382332,
-0.06733925,
-0.22066794,
-0.06910806,
0.33790252,
-1.2880286,
-0.00908543,
-0.94694674,
-1.0306443,
-0.44341362,
-0.5682584,
0.01461369,
-0.41790348,
-0.9756169,
-0.42612,
-0.9521331,
-0.06873449,
-1.5230277,
-0.62551403,
0.37306085,
-0.5465486,
0.00692879,
0.56854254,
-0.6849056,
-0.47647053,
-0.50413513,
0.03382977,
0.01374547,
-0.21314637,
-0.1160332,
-0.3357785,
0.03267503,
-0.03743875,
0.01193547,
-0.25981185,
-0.06088889,
-0.05784636,
-0.02332013,
0.18625155,
0.03361426,
-0.14008495,
0.05766974,
-0.03197256,
-0.22913015,
-0.44879577,
-0.25275913,
0.05611486,
-0.16652082,
0.8045045,
-0.26669145,
-0.9049919,
-0.08465078,
-0.4088851,
-0.19468692,
-0.68527275,
-0.6430802,
-0.01288885,
-0.58634496,
0.8793719,
-0.77271104,
-0.64087117,
-0.02991622,
0.42382482,
-1.0278548,
0.10500841,
-0.41056997,
-0.01469797,
-0.43658173,
0.87767345,
-0.07406525,
-0.45633894,
-0.00244018,
-0.04804522,
-0.9672776,
-0.22288133,
-0.63362867,
-0.04390433,
-0.6010595,
0.48391885,
-0.32948467,
0.18273954,
-0.08206403,
-0.37971023,
-0.9209957,
-0.7960459,
-0.12468033,
-0.06570794,
-0.34038764,
-0.06094932,
0.167273,
0.18590596,
0.0711366,
-0.5821739,
-1.7210871,
-0.6944384,
0.16392548,
-0.00728645,
0.12268791,
-0.22111969,
0.07535976,
0.21025603,
0.01345527,
-0.53533196,
-1.9349743,
-0.6071152,
0.36027738,
0.04051653,
0.15778492,
0.24493836,
0.11630037,
0.12253764,
-0.02262779,
-0.46000162,
-1.3317299,
-0.6740124,
0.32359394,
-0.01809709,
0.16296221,
0.34957105,
-0.10238404,
0.22139886,
0.01158093,
-0.30029336,
-1.1870413,
-0.12430403,
0.28294063,
-0.0968604,
-0.00432359,
-0.11463698,
0.08888631,
0.30082288,
0.05325536,
-0.5014286,
-1.1302645,
0.01389258,
0.35894266,
-0.06582256,
-0.00812471,
-0.18835852,
-0.12834539,
0.16379434,
0.05621812,
-0.74720395,
-0.9231732,
-0.22178403,
0.4547234,
-0.04940488,
0.18102212,
-0.17688093,
-0.17224868,
0.02710135,
-0.04072968,
-0.23114271,
-0.8032048,
-0.18690497,
0.6434869,
0.04461903,
0.00097612,
-0.8122867,
-0.12632617,
-0.46374965,
-0.09520178,
0.15842003,
-0.71968293,
-0.00414678,
-0.10876229,
-0.03293141,
-0.04457902,
-1.0639441,
0.2386542,
-0.10308266,
-0.00618491,
0.9564464,
-0.5159007,
0.3277961,
-0.46074262,
-0.06615123,
-0.15320623,
-0.2698358,
0.31025454,
0.20931707,
0.01098813,
0.75635654,
-0.36616716,
0.32387584,
0.37695715,
0.06521253,
-0.23883374,
0.543903,
0.24462403,
0.48897982,
-0.09663334,
0.37761363,
-0.16933745,
0.40677798,
0.6170323,
-0.05522417,
0.14104132,
0.7535017,
0.30541876,
0.6196627,
0.02344749,
0.2926018,
0.05796569,
0.2533593,
0.28157762,
0.0459327,
0.22252922,
0.5754523,
0.22837982,
0.58728087,
-0.07649837,
0.24465257,
-0.05763969,
0.36691558,
0.19585076,
0.0185825,
0.12809536,
0.4840189,
0.19348784,
0.547047,
0.00361387,
-0.16608387,
0.14035888,
0.06982134,
0.2785054,
0.00977695,
-0.18057819,
0.0340718,
0.36705396,
0.612994,
-0.02857519,
-0.2515189,
-0.02752103,
0.02924132,
0.33667535,
0.03109914,
0.10196877,
0.10361921,
0.47061306,
0.5069759,
0.07253307,
0.19121231,
0.09491345,
-0.8029394,
0.341021,
-0.06116068,
0.30599442,
0.14260872,
0.5195251,
0.5613792,
-0.06859896,
-0.41411868,
-0.38496628,
-0.9498234,
0.03200244,
0.05547537,
0.35046712,
0.03087207,
0.4636404,
0.24105528,
-0.04562873,
-0.4012377,
-0.4028091,
-0.9197803,
-0.7418114,
-0.06742892,
0.4215762,
-0.5298653,
0.7186886,
0.19487838,
0.05898637,
-0.97585154,
0.38959515,
-0.85344064,
-0.392342,
0.01859821,
0.40791467,
-1.2872298,
0.58155483,
-1.0888888,
-0.03432658,
-0.6970192,
0.5918255,
0.64397347,
-0.5208824,
-0.01381339,
-0.54072446,
0.02743321,
-0.26951548,
-2.060238,
0.02509959,
-0.64920527,
0.6559502,
-0.29526293,
-0.64645225,
0.01079124,
-1.5112671,
-0.7088764,
-0.17205553,
-1.0673952,
-0.045701016,
0.1748455,
-0.70053762,
-0.48160067,
-0.64807206,
-0.029083688,
-0.2236221,
-0.00047808563,
-0.79970348,
-0.44560629,
-0.01317513,
0.27721608,
-0.0224183,
-0.24324419,
-0.0863534,
-0.08544649,
-0.04737904,
-0.09775571,
-0.08747585,
-0.10161138,
0.06891126,
-0.01678736,
-0.19577116,
-0.5932358,
0.08505202,
0.08396856,
-0.2605542,
0.19507977,
0.06565798,
-0.59261274,
0.086404793,
-0.29610863,
0.0046395403,
-0.66308963,
-0.59099889,
-0.00053652376,
-0.13738456,
0.81254858,
-0.60011643,
-0.74581009,
-0.00898086,
0.6424827,
-1.0869213,
0.02104212,
-0.5293556,
0.01515081,
-0.4864549,
0.63601524,
-0.5129429,
-0.19257662,
0.06692347,
0.22381674,
-1.4445293,
-0.5003861,
-0.23320112,
-0.04935939,
-0.67995054,
0.38813153,
-0.7097002,
0.5137995,
-0.04959623,
0.15627049,
-1.8262099,
-0.5205122,
0.03950976,
0.08095611,
-0.08351554,
-0.07305858,
-0.04447563,
0.27092636,
0.01156728,
-0.40426564,
-1.7506336,
-0.38273346,
0.34626395,
-0.01790181,
0.43147457,
0.15109482,
0.03599813,
0.21222658,
0.02250648,
-0.55091465,
-1.1602479,
-0.40101737,
0.31007537,
-0.06095266,
-0.04123162,
0.146954,
0.18965885,
0.27164268,
-0.03036182,
0.01754105,
-0.5532455,
-0.19909887,
0.3292937,
0.04342676,
-0.00367355,
0.02949509,
0.06211516,
0.22385426,
-0.06105754,
-0.30887926,
-0.2888224,
-0.08273171,
0.38747257,
0.00839701,
0.02606935,
-0.1488643,
0.11217591,
0.02841471,
0.03453676,
-0.8671124,
-0.17747359,
-0.1849732,
0.3532193,
0.0288303,
0.11816255,
-0.1621008,
-0.23289895,
-0.06420987,
-0.03514703,
-0.8068021,
-0.1275095,
-0.4287112,
0.46652704,
-0.08957022,
-0.09457775,
-0.4995429,
-0.19939072,
-0.24100582,
-0.09112731,
-0.25745788,
-0.23971264,
-0.20363134,
0.37330216,
-0.08569898,
-0.1244063,
-1.1854252,
0.03923712,
-0.43500036,
0.06294705,
0.28112665,
-0.01890046,
0.21657671,
-0.29094407,
-0.00090060028,
0.037284445,
-1.1516049,
0.31142113,
0.18383284,
0.01335002,
0.8793115,
0.11261267,
0.33961737,
0.04071567,
-0.01793678,
-0.02629186,
-0.01904323,
0.16663156,
0.31204003,
-0.00561914,
0.77666557,
-0.22521065,
0.15430383,
0.5410205,
0.02621128,
0.23781393,
0.20541346,
0.4889639,
0.5265867,
0.02187902,
0.5366391,
0.04746769,
0.2872139,
0.48413405,
-0.05088352,
0.41775483,
0.48794034,
0.43583915,
0.6695044,
-0.03709423,
0.43697935,
0.04885873,
0.2816461,
0.4319178,
-0.04541918,
-0.03205935,
0.37656748,
0.0590638,
0.5800455,
0.05129021,
0.16149549,
0.00745009,
0.26436517,
0.4626944,
0.01271855,
-0.01738699,
0.16216576,
0.1581411,
0.49128515,
0.0071883,
-0.3628053,
0.01755307,
-0.07351014,
0.3800838,
-0.09280629,
0.18753523,
-0.01841743,
0.2179375,
0.5903762,
-0.07352075,
-0.45398042,
0.10956874,
-0.39997765,
0.55900174,
-0.05190473,
0.14982088,
0.30203322,
0.42143983,
0.46827972,
-0.08487767,
0.10683017,
0.01100881,
-0.46001694,
0.6411976,
0.06217622,
0.34518057,
0.12208755,
0.04382145,
0.4528469,
0.06290222,
-0.6167648,
-0.3054261,
-0.77655804,
0.05181664,
0.07211824,
0.21683815,
-0.13848127,
0.15217352,
-0.01077442,
-0.03216122,
-0.89964914,
-0.07039127,
-1.1373166,
-0.5222803,
-0.00318779,
0.6277646,
-0.40966675,
0.12284502,
-0.676427,
0.04976568,
-1.0355041,
0.4920374,
-1.3080994,
-0.64236003,
-0.06668758,
0.34405255,
-0.6232245,
-0.30784267,
-1.708718,
0.01223921,
-0.79120684,
0.73111004,
0.09572961,
-0.19768158,
0.00273838,
-0.5609614,
-0.14260757,
-0.02690132,
-1.153574,
0.05943939,
-0.70808,
1.039669,
-0.6010542,
-0.41185144,
0.05259564,
-1.4561145,
-0.7611206,
-0.33604467,
-0.85033524,
-0.05067701,
0.0336199,
0.06054921,
-0.3906691,
-0.6269688,
-0.01412268,
-0.49627188,
0.0094105,
-0.35973632,
-0.14135034,
0.08265311,
0.01188008,
-0.02424449,
-0.0236083,
-0.08079065,
-0.06325869,
-0.06807486,
0.03223152,
0.05512141,
-0.62888885,
0.0640533,
0.07572629,
-0.68568915,
0.30778077,
0.13808654,
0.07962065,
-0.07946807,
0.42065123,
0.01330855,
-0.4521662,
-0.04387211,
0.43912262,
-0.44434944,
-0.15192169,
-0.48479724,
-0.05315707,
-0.01931178,
0.88194776,
-0.1587157,
-0.7958096,
0.03583847,
0.5592358,
-0.5370632,
-0.2192904,
-0.20830624,
0.03894867,
-0.4547676,
0.41668624,
-0.6743949,
-0.13040052,
-0.08737962,
0.5623308,
-0.5998144,
-0.37122574,
0.4646056,
-0.0216895,
-1.3243158,
0.24120079,
-0.5283128,
0.25009525,
-0.03444925,
-0.56506574,
-1.2480556,
-0.3608151,
0.5189064,
-0.01627767,
-0.13539286,
0.20727931,
0.1399128,
0.12975456,
-0.09372965,
-0.5236794,
-0.43383467,
-0.69142747,
0.30521247,
0.04281328,
0.2584732,
-0.00616304,
0.05533814,
0.16209705,
-0.03193605,
-0.53679425,
0.05580313,
-0.30681756,
0.41291714,
-0.05640807,
0.2233757,
-0.09083486,
-0.37042898,
0.2035475,
0.06080204,
-0.3373912,
0.17647189,
-0.00192367,
0.3361127,
0.01014762,
0.06299413,
-0.16579102,
-0.3505202,
-0.01154995,
0.00090638,
-0.56328666,
0.0359972,
-0.05475184,
0.25516602,
-0.00077449,
0.2260553,
-0.17308454,
-0.3943719,
-0.00562407,
-0.0774926,
-0.9773809,
-0.07914858,
-0.32450777,
0.16362838,
-0.01152897,
0.19581184,
-0.3229595,
-0.3566536,
-0.14063714,
-0.04139481,
-0.54429394,
-0.05603529,
-0.38176593,
0.24394542,
0.041789,
0.24532644,
-0.6325202,
0.13623382,
-0.15766339,
-0.05987132,
-0.03842277,
-0.00226418,
0.05775598,
0.3351784,
-0.06669682,
0.02211656,
-1.2081261,
0.1684191,
-0.15571423,
0.01999181,
0.37443984,
0.30428466,
0.17966422,
-0.12989992,
-0.0686403,
-0.03713916,
-0.49295592,
0.36187854,
0.18328209,
-0.06404439,
0.89434785,
0.1475558,
0.17713924,
0.10643302,
-0.04540049,
0.05675296,
0.13833576,
0.392884,
0.17517081,
0.07432426,
0.64102423,
-0.03431742,
0.1992592,
0.46563417,
-0.03967719,
0.1929896,
0.02474491,
0.32434416,
0.4711007,
-0.0849572,
0.61251765,
0.1064513,
0.21207438,
0.6740976,
-0.05182984,
0.2923134,
0.25485858,
0.29703858,
0.5442932,
-0.04071574,
0.05932052,
-0.06345659,
0.1976122,
0.7751895,
-0.03641595,
-0.05092544,
0.50002736,
0.16507404,
0.49282554,
0.01248031,
-0.26636264,
0.1329412,
0.12325283,
0.4221211,
-0.06916199,
0.03343856,
0.6748668,
-0.00590477,
0.3374906,
0.05666419,
-0.62398636,
0.07170855,
-0.15150659,
0.5306885,
-0.06769338,
0.00736307,
0.6530837,
0.00761993,
0.21276772,
0.06836202,
-0.39998433,
-0.08412669,
-0.22065213,
0.2226721,
0.03823311,
0.18862493,
0.45611253,
-0.25967357,
0.32971278,
-0.06398703,
0.024336,
-0.28064424,
0.02906943,
0.16774954,
-0.0946984,
-0.00080591,
0.06221772,
-0.18235849,
0.15050626,
-0.07821702,
-0.08258095,
-0.24036647,
-0.09965105,
-0.06627005,
-0.07942379,
0.19494382,
0.1872529,
-0.35403168,
-0.21307588,
-0.06750532,
-0.05297123,
-0.11463109,
-0.42636415,
-0.4508432,
-0.01509349,
0.2807751,
0.11604492,
-0.86822957,
-1.1485682,
-0.05542371,
0.022021677,
0.0072874944,
-0.98462057,
-0.56615013,
0.047287267,
0.00089087116,
-0.79171038,
-0.62296522,
-2.2960439,
-0.07433507,
0.0230615,
0.27625623,
-0.42973006,
-0.16614121,
-0.03129639,
-0.07258292,
-0.5849165,
0.32169876,
-0.84868854,
-0.08431279,
0.24562329,
1.0589179,
-0.49356884,
-1.3253576,
0.0545742,
-0.9138919,
-0.84176487,
-0.4268531,
-0.41817757,
0.00779419,
-0.07497368,
0.45839354,
-0.39778766,
-0.55406666,
-0.03023791,
-0.56745356,
-0.03034169,
-0.4077727,
0.02981984,
0.05826514,
0.01282848,
-0.06276564,
-0.06378192,
0.02598257,
0.06906632,
-0.02801471,
0.31458762,
0.06315101,
-0.6229087,
-0.0128663,
-0.07022053,
-0.52159524,
0.38559267,
0.5014233,
-0.05189007,
-0.02803149,
-0.16296831,
-0.09074992,
0.04860611,
0.02550343,
0.5894933,
-0.11845714,
0.5058596,
0.8374048,
0.05869509,
0.03429918,
0.05426126,
-0.38558596,
-1.3205947,
0.07332578,
0.50240254,
0.2056343,
-0.12673369,
0.23203763,
-0.07317851,
-0.8434023,
0.37450197,
0.23239729,
-0.2576085,
-0.08285652,
0.48562258,
-0.06846782,
-0.21328278,
0.30980244,
-0.01027715,
-1.3054733,
-0.08215631,
-0.16502725,
0.09553525,
-0.08915938,
-0.9438637,
0.35640463,
-0.43151543,
0.03060032,
0.00885954,
-0.47687072,
-0.24678445,
-0.32298964,
0.06864292,
-0.07897908,
-0.7386455,
0.5481289,
-0.2624109,
0.30235487,
0.06509189,
0.3896535,
-0.00107532,
-0.32080945,
0.03785749,
-0.08909249,
0.1518095,
0.1656159,
-0.22008334,
0.39491853,
-0.09603234,
0.3976014,
-0.09994347,
-0.40232095,
0.12478334,
-0.03301063,
0.02409706,
0.04002056,
-0.2341512,
0.38920972,
-0.04417351,
0.22797802,
-0.33584756,
-0.4509373,
0.07229296,
0.05723272,
-0.3719449,
-0.01318849,
-0.2646542,
0.2663576,
0.04758197,
0.22082008,
-0.4767271,
-0.0996613,
-0.19754791,
-0.01356617,
-0.43258247,
0.0088747,
-0.24555995,
0.26759428,
0.0380061,
0.18790519,
-0.31289095,
-0.1600023,
-0.00699795,
-0.01044042,
-0.00601042,
0.03609645,
-0.02404362,
0.3333839,
0.0393527,
0.32134408,
-0.53279585,
0.00663298,
0.07997221,
-0.01032223,
0.28443277,
0.09382678,
0.14404911,
0.2612495,
-0.02556357,
0.36473185,
-0.58899033,
0.27720663,
0.03035168,
-0.09162986,
0.6176247,
0.3833309,
0.26651892,
-0.03693261,
0.06566466,
0.24308771,
-0.2115729,
0.49161947,
0.02445924,
-0.01774602,
1.0231607,
0.29697427,
0.37969238,
0.23850986,
0.02461821,
0.41344923,
-0.11846625,
0.5112474,
0.06402734,
0.052995387,
0.29880717,
0.25878128,
0.31910497,
0.48333269,
0.00034488676,
0.24000819,
0.19256493,
0.29868269,
0.34201533,
-0.05989419,
0.40436342,
0.23263052,
0.02152217,
0.7318781,
0.0575081,
0.12408703,
0.04290891,
0.0185383,
0.5673314,
0.03380752,
-0.3127113,
0.07887919,
-0.01495264,
0.5814425,
0.05308126,
0.15707785,
0.631688,
0.06210579,
0.4164022,
0.04869524,
-0.67953086,
-0.22586173,
-0.08851954,
0.12743542,
-0.07594217,
-0.0280109,
0.6007152,
0.02566718,
0.23212904,
0.07665284,
-1.3691374,
-0.09764656,
-0.01371386,
0.1962985,
-0.06590147,
0.02154412,
0.29328096,
-0.13642603,
0.04305493,
-0.07327516,
-1.1284322,
-0.41829988,
0.28159156,
-0.13696606,
0.06414567,
0.11697544,
0.3634205,
-0.4791644,
0.10326636,
-0.02371156,
-0.21979766,
-0.16707906,
0.27980605,
-0.14453585,
-0.06375486,
0.0989178,
0.496913,
-0.3215404,
-0.13245408,
-0.08047742,
-0.22753702,
-0.3158401,
0.23259762,
0.04762526,
-0.06219763,
0.01038026,
0.33572343,
-0.30453733,
-0.2410056,
0.02661468,
-0.53039926,
-0.18410265,
0.47493437,
-0.24970697,
-0.00290308,
0.00384264,
-0.15600106,
-0.42322427,
-0.7241081,
0.07428265,
-0.28169525,
0.5256635,
-0.02329083,
-1.0234866,
0.05881533,
-0.06387855,
-0.4294624,
-0.45152077,
-1.811317,
-0.07212019,
-0.4069254,
0.80589366,
-1.3287598,
-0.6316246,
-0.01270342,
0.18831876,
-1.165476,
0.1230717,
-0.9799841,
0.00435035,
-0.2700871,
1.0232552,
0.41525152,
-0.2564201,
0.02986642,
-0.78348464,
-0.79633075,
-1.1890576,
-0.2456262,
0.04535913,
-0.03794025,
0.9632267,
-0.11443887,
-0.5144199,
-0.07664051,
-0.71284854,
0.07015949,
-0.10446744,
-0.17249952,
-0.07722253,
0.01794233,
-0.05750857,
-0.00715354,
0.02835971,
-0.04383122,
0.07392067,
0.39860976,
0.02080559,
-0.3967275,
-0.06584533,
0.18583503,
-0.4751525,
0.5570488,
0.00481279,
-0.05533219,
0.05903825,
-0.3633576,
-0.23135538,
-0.04854236,
0.020689271,
0.6088475,
-0.093412943,
0.58193892,
0.067109033,
0.037428282,
0.00065596763,
-0.49668238,
-0.48923653,
-0.89876544,
-0.04885144,
-0.0263311,
0.41351572,
0.38403076,
-0.27329147,
0.02026539,
-0.74310046,
-0.04577034,
0.27427948,
-0.13255085,
0.00412633,
0.0345461,
0.05184989,
0.4441446,
-0.57353157,
0.06227477,
-0.74118006,
-0.03901996,
-1.2260631,
-0.1177801,
0.07204627,
-0.35169062,
0.5711587,
0.13948146,
-0.21474153,
0.02215906,
-0.03767162,
-0.36719856,
-0.64418036,
0.01672565,
-0.0671303,
-0.57870835,
0.47705793,
-0.00562653,
0.07362283,
0.02039859,
0.24325778,
0.07665026,
-0.49712577,
-0.13488153,
-0.04805348,
-0.21511361,
0.03805695,
-0.44870085,
0.52423286,
0.01807561,
0.30678147,
0.2752699,
0.03913822,
0.20010148,
-0.04629528,
-0.13126181,
-0.01160266,
-0.5246588,
0.5130078,
-0.078944,
0.38574556,
0.04122339,
0.17211728,
0.3086576,
-0.04512157,
0.28275555,
0.18141915,
-0.03098442,
0.34221676,
0.02384003,
0.42907864,
-0.12425379,
0.17286792,
-0.04068536,
-0.03466794,
-0.06472423,
0.22181535,
-0.14620678,
0.01660227,
0.04904572,
0.4751879,
-0.36039057,
0.17074192,
0.10953148,
0.06210161,
0.10144921,
0.3805713,
0.12508266,
0.10966078,
-0.06342565,
0.8361753,
-0.6593225,
0.16603222,
0.25190377,
0.04059259,
0.19799271,
0.4780892,
0.29765782,
0.2561098,
-0.00391353,
0.30529734,
-0.00629323,
0.44361022,
0.10517893,
-0.02436316,
0.69758964,
0.55012375,
0.5273024,
0.24135737,
-0.09491331,
0.18120211,
0.05650584,
0.36919075,
-0.02775363,
0.02173683,
0.89354134,
0.32592568,
0.14752866,
0.5085858,
0.02151235,
0.54735523,
-0.13019212,
0.34231946,
0.14453606,
-0.08834759,
0.12039086,
0.08045455,
-0.11153185,
0.785478,
-0.05546665,
0.32708746,
0.32828215,
0.18953796,
0.23521148,
-0.03333292,
-0.1664877,
0.18026428,
-0.12902497,
0.5626388,
-0.0120158,
0.03938284,
0.13267098,
0.23417786,
0.40025595,
-0.08204289,
-0.9366725,
0.24642834,
-0.01937813,
0.31539908,
-0.06380244,
-0.12144713,
0.37289193,
-0.0735096,
0.22309949,
-0.00585511,
-0.9103517,
-0.17340156,
0.11120262,
0.13899338,
0.03601797,
0.00945968,
0.16642597,
-0.2927886,
0.08214097,
-0.08315294,
-1.4994408,
-0.1638464,
0.18811144,
0.20409673,
0.01004416,
0.0182322,
0.23393609,
-0.4210577,
-0.13087083,
0.03009919,
-0.42787594,
-0.1888999,
0.10507274,
0.14311641,
0.05835026,
-0.10847958,
0.294301,
-0.3416089,
-0.2693546,
-0.0855861,
-0.12298684,
0.33926025,
0.20801763,
0.19937141,
0.04477743,
0.13897362,
0.38651374,
-0.4331326,
-0.39912325,
0.0374647,
-0.29232997,
0.31277514,
0.19152646,
-0.0151607,
-0.07892319,
-0.04614346,
-0.31140158,
-0.42572817,
-0.25281742,
0.00318758,
-0.44712517,
0.2498706,
0.4705101,
-0.26773635,
-0.08743224,
-0.2560926,
-0.2185622,
-0.07370059,
-0.4713783,
-0.0047588786,
-0.026484797,
0.47740364,
0.68799627,
-0.57464069,
-0.037437826,
0.0010833254,
-0.41739064,
-0.017041747,
-1.7332628,
0.04254409,
-0.96793026,
1.2787687,
-1.4224747,
-0.929557,
-0.02123564,
0.10861588,
-1.5458841,
-0.87804985,
-1.3112814,
0.01201622,
-0.2637879,
1.5018371,
-0.27575713,
-1.1461728,
0.06184419,
-0.95662206,
-0.9531234,
-1.0506482,
-0.90863484,
0.07604543,
-0.3982487,
0.79354924,
-0.25743243,
-0.5352758,
0.00931823,
-0.7256132,
-0.50418925,
-0.15417565,
-0.6280839,
-0.00167096,
-0.02147595,
-0.06920393,
0.04084981,
0.07051361,
-0.05989628,
-0.04638519,
-0.0130428,
-0.04987083,
0.07411618,
0.02269938,
0.29452613,
-0.64047885,
0.73566324,
0.05622112,
0.04418007,
-0.01721173,
-0.04439652,
-0.4157592,
-0.19349939,
-0.0776504,
0.08880539,
0.04256719,
0.17862098,
0.44421935,
0.01251117,
-0.0866156,
-0.09810022,
-0.31651896,
-0.75448024,
0.02054973,
-0.13755718,
0.37510148,
0.5852236,
-0.7119673,
-0.06832877,
-0.420221,
-0.3466327,
0.29592887,
-0.34520492,
0.08079053,
-0.01002009,
0.15099852,
0.32742247,
-0.5918461,
0.02071462,
-0.49764794,
0.02383766,
-0.5882423,
-0.6506306,
-0.02192715,
-0.61824936,
0.2991963,
0.12011728,
-0.35865897,
0.00602529,
-0.16102079,
-0.29287478,
-1.04823,
-0.37316337,
-0.0538912,
-0.852931,
0.28359067,
-0.0719153,
-0.23537454,
-0.03410326,
0.13858867,
-0.29239592,
-0.60636705,
-0.3474633,
0.07450472,
-0.37422,
0.15772592,
-0.28682634,
0.22997482,
0.00945397,
0.10759337,
-0.2938485,
0.24416655,
0.03477889,
-0.04873161,
0.01809433,
0.16497853,
-0.2900696,
0.30358592,
0.06350823,
0.55027485,
-0.19720218,
0.306995,
0.2130874,
0.00983496,
-0.10152559,
0.30587795,
-0.38944572,
0.2184626,
-0.08061923,
0.38705412,
-0.04314123,
0.36739635,
0.06363038,
0.02914311,
0.1078498,
0.48840934,
-0.566664,
0.13935244,
-0.04262372,
0.621187,
-0.3635764,
0.1809132,
0.24110505,
0.0106069,
-0.0428788,
0.43807632,
-0.47543865,
0.13750425,
-0.04907639,
0.792084,
-0.08506823,
0.2986413,
0.18480629,
0.00755468,
0.3676659,
0.60292554,
-0.06385219,
0.16984726,
0.02041919,
0.3763095,
0.16913678,
0.54362893,
0.30638897,
-0.06764045,
0.75073236,
0.6206725,
0.02630674,
0.48250055,
-0.03073047,
0.31294423,
0.2663824,
0.45205632,
0.23532732,
0.02344167,
0.758474,
0.25707403,
-0.24446876,
0.70489615,
0.00618181,
0.43162325,
0.3183469,
0.19730219,
0.16346392,
0.00917239,
-0.12963606,
0.04749422,
-0.3118108,
0.4706457,
0.04188975,
0.11576986,
0.22659081,
-0.09853466,
0.3819639,
-0.02313145,
-0.60130996,
0.00636072,
0.00535983,
0.3331396,
0.0176719,
-0.15194735,
-0.02610129,
0.0238249,
0.18763293,
-0.00825204,
-0.9729528,
-0.04661905,
0.13699256,
0.20794037,
0.06228191,
-0.03633839,
-0.06206385,
-0.23209777,
0.0106999,
0.05213911,
-0.551231,
0.02374379,
0.03772281,
0.11243306,
-0.08146961,
0.0053839,
0.01386583,
-0.36548012,
-0.08938617,
0.04876173,
-0.27158326,
-0.1411129,
0.3101826,
-0.20706049,
-0.04156385,
-0.07379429,
-0.00113562,
-0.26381615,
-0.22199433,
-0.02009555,
0.02127152,
-0.07790716,
-0.11553055,
0.0468366,
0.04348978,
-0.1056785,
0.09126887,
-0.14779322,
-0.20044668,
0.00663617,
-0.16199665,
0.12131968,
0.13260616,
0.11448739,
0.06746759,
0.09701505,
-0.22393751,
-0.09321259,
-0.17068371,
-0.07911985,
-0.06463461,
0.1305987,
0.3035642,
-0.20995425,
-0.02129085,
0.07570922,
-0.3603622,
-0.12911469,
-0.772653,
0.02096599,
-0.26010415,
-0.03418284,
0.22876288,
-0.29530075,
0.02054507,
0.0332657,
-0.16209856,
0.08465679,
-0.55385983,
-0.05488183,
-0.7954624,
0.21949519,
-0.52424794,
-0.6520805,
-0.059572,
-0.05349867,
-0.088854,
-0.01853943,
-1.5761286,
0.07223602,
-1.1073302,
1.2367656,
-1.7733607,
-1.1702873,
0.02297373,
0.22210543,
-0.21456128,
-1.6124266,
-0.6887551,
-0.07473708,
0.19349073,
0.8783552,
-0.9710662,
-0.89196306,
0.02030221,
-0.9035453,
-0.6860153,
-1.0942322,
-0.8304811,
0.05753017,
-0.7050036,
0.9864889,
-0.36988336,
-0.5348601,
-0.08004876,
-1.123475,
-0.48330966,
-0.4070387,
-0.5414811,
-0.05210392,
0.17698342,
-0.18336187,
-0.6621337,
-0.5660855,
-0.03246199,
0.05272549,
0.54378396,
-0.49210304,
0.23386408,
-0.00556482,
0.3164834,
-0.47877562,
0.60769814,
-0.01485464,
0.06273115,
-0.00575809,
0.01747472,
-0.29010302,
-0.1939493,
0.04057056,
0.01630659,
-0.7378753,
0.07386439,
0.13179468,
0.06458572,
-0.10821649,
0.64127266,
-0.29097676,
-0.6968449,
0.03069127,
-0.13836344,
0.21324627,
0.993805,
-0.24484195,
-0.04327843,
-0.1624347,
-0.08627257,
-0.985698,
-0.6423618,
-0.08211024,
-0.6129614,
0.21376015,
-0.03187139,
-0.39933822,
-0.0301992,
-0.3260019,
-0.37624753,
-0.8332755,
-0.74140215,
0.00068420917,
-1.963276,
0.21378335,
0.097506031,
-0.22650999,
-0.082412422,
-0.5763604,
-0.32197833,
-0.61205035,
-0.50517178,
0.01413395,
-1.7399881,
0.1864365,
-0.03662233,
-0.25744966,
-0.07277029,
-0.31893626,
-0.6543426,
-0.36080626,
-0.37891617,
-0.007859,
-0.46264753,
0.46891576,
-0.16325948,
-0.18963689,
-0.05750659,
0.04768239,
-0.51459587,
-0.04582933,
-0.31523472,
-0.09535986,
-0.00706929,
0.25455356,
-0.02082384,
0.11497289,
0.0287154,
0.18433054,
-0.35886353,
0.10182939,
-0.13262892,
-0.02974381,
0.09371249,
0.18484849,
-0.3752217,
0.02219318,
0.01021649,
0.11974815,
-0.18867904,
0.27053124,
0.02695635,
-0.08728603,
-0.09609788,
0.30791813,
-0.5021742,
-0.20377636,
-0.02270832,
0.2806636,
-0.25843695,
0.27546546,
0.41198954,
0.07462335,
0.00440654,
0.16040301,
-0.51007676,
-0.09947348,
-0.02370331,
0.27346435,
-0.1766727,
0.32158723,
0.2745101,
-0.08707979,
0.31632248,
0.6379229,
-0.5256454,
0.40043667,
-0.09290259,
0.6034134,
-0.13663761,
0.30690667,
-0.1745801,
-0.08521621,
0.44333914,
0.37455276,
-0.34955737,
0.5090584,
0.01734142,
0.41373873,
0.2153568,
0.16097085,
-0.07257855,
0.02953725,
0.37061083,
0.24723288,
-0.18560593,
0.3509709,
0.04841653,
0.18358232,
0.13832968,
-0.09102768,
0.23275073,
-0.01831413,
-0.3255538,
0.08546069,
0.05646437,
0.13264067,
0.05270153,
0.06691637,
-0.07908818,
-0.11567748,
0.0767047,
0.0346881,
-0.75732315,
0.06497879,
0.28096536,
0.1328929,
-0.06658773,
0.140037,
-0.14395216,
-0.16291216,
-0.16823122,
-0.08817182,
-0.2864485,
0.10057685,
0.15889847,
-0.25372466,
0.01354132,
0.0645631,
-0.15111724,
-0.20463683,
-0.14859813,
-0.03085747,
-0.00163713,
0.00776721,
0.11280397,
-0.24551082,
0.06218578,
0.15229513,
-0.10707336,
-0.20177813,
-0.26417452,
-0.08894092,
0.08435354,
-0.07263245,
0.09716272,
-0.24624194,
0.02759723,
-0.09067982,
-0.12140112,
-0.16150188,
-0.226451,
0.0251305,
0.18577823,
-0.12122433,
0.03612277,
-0.08642768,
-0.08798396,
-0.14320593,
-0.27684763,
-0.10321408,
-0.18602589,
-0.09317305,
-0.35549667,
0.06364498,
0.16655937,
0.05622914,
-0.03722877,
-0.1090841,
-0.41210666,
-0.33195156,
-0.49607626,
-0.04765609,
-0.3867095,
-0.02158976,
0.27727026,
-0.68158096,
0.04814338,
-0.10752049,
-0.79828197,
-0.0275099,
-0.65215063,
0.02034984,
-0.6045498,
0.2544908,
0.08174327,
-0.7163734,
0.01963707,
-0.03661748,
-0.8771976,
-0.17358129,
-0.96147346,
-0.0916872,
-1.2468253,
0.54086757,
-0.90831846,
-0.8492865,
0.02246392,
-0.3358596,
-0.8627985,
-0.55964124,
-1.8898,
-0.08404663,
-0.45359468,
1.3180166,
-1.7417477,
-0.9909917,
-0.09647413,
0.24572091,
-0.7009367,
-1.5297159,
-0.5494097,
0.05142566,
0.52218807,
0.2624492,
-0.8893887,
-0.3534068,
0.00280365,
-0.45152894,
-0.25582838,
-0.8424113,
-0.8683768,
0.02966025,
0.4429711,
0.7766203,
-0.6149462,
-0.07557284,
0.07049943,
-0.6788042,
-0.2682391,
-0.5226992,
-0.49412113,
0.03797087,
0.21262485,
-0.3292914,
-0.00630328,
0.01182785,
0.05148717,
-0.08310504,
-0.04217939,
-0.15550694,
-0.03730488,
0.03930096,
0.27434543,
-0.39254567,
0.07371412,
-0.66692716,
-0.0484648,
-0.20943785,
0.63541067,
-0.60906833,
-0.81697416,
0.0226965,
0.35146788,
-0.7888103,
-0.447869,
-0.0955741,
0.00825069,
-0.40376446,
0.7222829,
-0.60200244,
-1.0331565,
-0.0534116,
0.15090337,
-0.0781769,
0.7997146,
0.26949322,
0.03498677,
-0.6487915,
-0.2827321,
-0.93134946,
-0.14595595,
-0.06996521,
-0.8435118,
0.11755939,
-0.01627532,
-0.07740157,
-0.01796367,
-0.17844062,
0.1252948,
-0.5141204,
-0.7180445,
-0.02593427,
-1.6765304,
-0.11798336,
0.17156473,
-0.01953047,
0.02082459,
-0.3525569,
-0.4085774,
-0.2008255,
-0.5188258,
-0.04480915,
-0.6756857,
-0.13437733,
0.01303224,
-0.13539879,
0.06750959,
-0.45140868,
-0.6191886,
-0.2842084,
-0.4022143,
0.0135035,
0.03475738,
0.2679294,
-0.1271859,
-0.2725456,
0.030963,
-0.08871309,
-0.87301785,
-0.16297227,
-0.10623526,
0.02270496,
-0.06786926,
0.08217288,
-0.19274092,
-0.4988348,
0.06051752,
-0.09615128,
-0.56085986,
-0.08973568,
-0.40424842,
0.01243747,
0.06262714,
0.12050565,
-0.10647377,
-0.7045354,
0.02472605,
0.22603159,
-0.35088548,
0.09932711,
-0.60340124,
0.00887094,
-0.04336741,
0.3064818,
-0.12003808,
-0.67155015,
-0.1015036,
0.37865233,
-0.6435196,
0.14726835,
-0.37107143,
-0.08534829,
-0.09935796,
0.2142486,
-0.2871285,
-0.33802447,
0.01808352,
0.44209123,
-0.32586384,
-0.13239728,
-0.35527763,
-0.03996097,
-0.01352211,
0.22968413,
-0.3129211,
-0.44555008,
-0.06869821,
0.62929237,
-0.08754756,
-0.0598516,
-0.2720588,
0.00325661,
0.32793194,
0.39385343,
-0.11702191,
-0.06038788,
-0.05342017,
0.2434026,
-0.09206209,
-0.0901276,
-0.20151308,
-0.07084399,
0.048561,
0.193336,
-0.06013228,
0.16879855,
-0.10445167,
0.34390724,
0.11463212,
-0.18889287,
-0.1987746,
0.04974412,
-0.12062233,
0.04528015,
0.05588209,
-0.02017127,
-0.00431296,
0.21389052,
-0.16336858,
-0.12116177,
-0.30168328,
0.01804502,
0.04217083,
0.18633372,
0.0853301,
-0.18558411,
-0.02171334,
0.10905229,
-0.50431675,
-0.10776521,
-0.2781021,
-0.08592895,
-0.12747833,
0.168854,
0.20004745,
-0.30339733,
-0.00482406,
0.00078214,
-0.32945696,
-0.11574551,
-0.28509068,
-0.07738684,
0.03875814,
0.08149512,
0.13051291,
-0.3199438,
-0.0121647,
0.23112258,
-0.5797564,
-0.03505882,
-0.3799212,
0.06207103,
0.28817314,
-0.03400167,
0.08366425,
-0.42312473,
-0.08886605,
-0.00326355,
-0.25969994,
-0.09235636,
-0.0759919,
-0.05129801,
0.10375496,
0.12654491,
-0.07291016,
-0.44616243,
-0.05881736,
-0.14462554,
-0.4460604,
-0.05819178,
-0.24007966,
-0.02183678,
-0.21712455,
0.1009228,
0.14429009,
-0.24072869,
-0.05061213,
-0.17670594,
-0.7213303,
-0.16138537,
-0.603254,
0.05176172,
-0.4112898,
0.27770698,
-0.0477204,
-1.1713687,
0.05045938,
-0.14730817,
-0.8712077,
0.05211957,
-0.4650163,
-0.03518593,
-0.29338607,
-0.06194901,
-0.09172301,
-1.1837217,
0.07124594,
0.11132867,
-0.97521687,
0.12163589,
-0.5464144,
0.00419701,
-0.20239301,
0.21262787,
-0.48980314,
-0.83342755,
-0.03782093,
-0.29565033,
-0.6726481,
-0.7718045,
-1.1407686,
-0.05757836,
-0.12489481,
1.1895279,
-1.8028103,
-0.9333711,
0.00273927,
-0.39540443,
-0.5993477,
-1.4169403,
-0.27803823,
0.04935076,
0.52604514,
1.0226761,
-0.7069966,
0.21188195,
0.055936,
-0.7976384,
-0.2295078,
-0.82161844,
-0.47390208,
0.01459638,
0.5951988,
0.58329093,
-0.5376175,
-0.01094098,
-0.06973456,
-0.43726766,
-0.0972538,
-0.5162292,
-0.5348825,
-0.03315832,
0.08417212,
0.02947136,
-0.0591689,
0.05391873,
-0.0710693,
-0.01905164,
-0.02477802,
-0.06929893,
0.07770308,
-0.020206407,
0.00035523321,
-0.4864445,
0.095591441,
-0.0029542965,
-0.035777472,
-0.21434675,
0.37152776,
-0.58075988,
-0.63093376,
-0.0566785,
-0.23603177,
-0.21367964,
-0.5105128,
0.3449128,
-0.07655975,
-0.36397782,
0.16710149,
-0.9798202,
-0.7213742,
0.07427355,
-0.7650992,
0.16623664,
0.505766,
0.17270894,
-0.00481047,
-0.8293264,
-0.62528306,
-0.85563457,
-0.3368607,
0.03478172,
-0.05423125,
0.39291295,
0.21413293,
-0.15212299,
0.03454789,
-0.40141097,
-1.2521378,
-0.6290705,
-0.1846596,
-0.03156866,
-0.7931206,
0.10929552,
0.13920783,
-0.3675624,
-0.00387696,
-0.36804813,
-0.81988037,
-0.03556987,
-0.22065711,
-0.0301387,
-0.2729132,
0.23469204,
0.27708104,
-0.46991706,
0.01982472,
-0.35412428,
-1.2293454,
-0.21373944,
-0.7874062,
0.07505058,
-0.11565967,
0.2462477,
0.09382108,
-0.88833344,
-0.07453031,
-0.08932634,
-0.70060265,
0.16959465,
-0.43259418,
-0.07052222,
0.04405648,
0.21037906,
0.05806435,
-0.9940064,
-0.00204308,
-0.24876548,
-0.5384541,
-0.07751866,
-0.32741743,
0.02416771,
-0.05252795,
0.15591437,
0.17831665,
-0.6520478,
-0.08027739,
-0.01138904,
-0.4356695,
-0.15963902,
-0.7723049,
0.01879673,
-0.02398914,
0.27388316,
-0.14278275,
-0.68993384,
-0.0179289,
0.29348296,
-0.38936284,
0.01409894,
-0.84967005,
-0.03954898,
0.05574037,
0.33393142,
-0.20115532,
-0.26716998,
-0.02622557,
0.27404696,
-0.36844063,
-0.2823369,
-0.8007249,
0.04169872,
0.02261688,
0.16816232,
-0.41170847,
-0.33628702,
-0.00531883,
0.40501016,
-0.00424605,
-0.05606726,
-0.6499103,
0.06322091,
-0.08846176,
0.14181063,
-0.0569456,
-0.46960956,
0.02442211,
0.22903426,
-0.16623993,
-0.00912128,
-0.26043952,
-0.07031761,
0.12548034,
-0.045511,
0.07899793,
-0.08485812,
-0.07074144,
0.52935183,
-0.07248349,
-0.13867363,
-0.3563617,
0.06254538,
0.00264128,
-0.06174998,
-0.10275802,
0.08360328,
-0.09230939,
0.29893336,
-0.23466678,
-0.07557169,
-0.3863596,
0.0453783,
0.27925318,
-0.09652447,
-0.07460891,
-0.02122158,
0.02489755,
0.11622621,
-0.46696585,
-0.31013882,
-0.19977728,
-0.03311521,
0.10903618,
-0.30160695,
0.03507364,
-0.05279668,
0.0020911,
0.04130878,
-0.560425,
-0.10219003,
-0.31134972,
-0.02196916,
0.40220132,
0.0465527,
0.15763639,
-0.20017926,
0.02939709,
0.22402547,
-0.7190847,
-0.06365485,
-0.3985891,
-0.08560261,
-0.01559939,
0.18692957,
0.01780212,
-0.51692325,
-0.03832294,
-0.01321409,
-0.7068507,
-0.03454548,
-0.301711,
0.04725716,
-0.16571595,
0.03716548,
0.18607107,
-0.46336848,
0.01100499,
0.01246856,
-1.0498637,
0.08631703,
-0.30045944,
-0.02444888,
-0.03431949,
0.18778202,
-0.02440364,
-0.20337574,
0.06219537,
-0.11845895,
-1.0962319,
-0.04342049,
-0.6082391,
-0.0409281,
-0.69965124,
0.10662614,
-0.38796896,
-0.822996,
0.01431188,
-0.47633606,
-1.118634,
0.05386851,
-0.44119364,
0.0754237,
-0.5090065,
0.07788568,
-0.30163828,
-0.9382767,
0.05388695,
0.20214139,
-1.0243214,
-0.0738368,
-0.2729087,
0.06677061,
-0.3072873,
0.1604832,
-0.1650831,
-0.47212246,
0.03041538,
-0.1890878,
-0.7515013,
-0.5871798,
-0.16860688,
-0.02427325,
-0.4451987,
0.7606546,
-1.5715895,
-0.8087396,
-0.09348316,
-0.14012957,
-0.41692758,
-0.9898511,
0.17693004,
0.07443232,
0.55101043,
0.1473061,
0.10381062,
-0.01625105,
-0.05129923,
0.10072405,
-0.3101006,
-0.7784827,
-0.54456985,
-0.00518548,
0.17493214,
-0.42103493,
-0.0861568,
0.01961166,
0.0090212,
0.04338317,
0.03484141,
-0.15357828,
0.06374324,
-0.08034035,
0.24463338,
-0.18872845,
-0.1440377,
-0.0481312,
-0.085124,
0.00301116,
-0.01179768,
-0.33884576,
0.02344879,
0.01777584,
0.09800485,
0.03841569,
0.50471765,
-0.05385452,
0.03874361,
-0.01487799,
-0.22494878,
-0.27544963,
-0.24464239,
0.07582132,
0.04989684,
0.29740128,
0.00398312,
0.27695698,
-0.00978186,
-0.65192974,
-0.86338025,
-0.8149991,
-0.7034869,
-0.06445019,
0.16310811,
0.07887758,
0.42619482,
-0.61087215,
-0.07942321,
-0.76371056,
-1.2227395,
-0.54369557,
-0.6540079,
0.01728753,
-0.01762161,
-0.01018161,
0.27493876,
-0.76863444,
0.01883489,
-0.33917326,
-0.741362,
-0.75726485,
0.23843366,
0.04401498,
0.3261219,
-0.09062488,
-0.13441584,
-0.33117884,
-0.01187986,
-0.41860145,
-0.93803096,
-0.11441229,
-0.17063582,
0.0473042,
0.19231842,
0.09143465,
0.23083472,
-0.9685226,
-0.07064284,
-0.59706044,
-0.7131492,
0.26787385,
-0.83597314,
-0.01255487,
-0.10189396,
0.10688967,
0.09272236,
-0.68720055,
-0.00809614,
0.06460638,
-0.48005974,
0.12148795,
-0.42134187,
-0.02042556,
-0.17011598,
-0.1163539,
0.07026464,
-0.07478509,
0.07881518,
-0.0252962,
-0.26578426,
-0.0379148,
-0.37993464,
-0.06828658,
-0.13109012,
0.29908016,
-0.23019268,
-0.07282618,
0.00205743,
0.02844176,
-0.2993286,
0.03677823,
-0.14973478,
-0.0670564,
0.22310552,
0.0040855,
-0.20433572,
-0.2420188,
0.04860043,
0.09084453,
-0.16042359,
-0.16530478,
-0.3616578,
-0.03463588,
-0.23992054,
0.05249332,
-0.20386365,
-0.18008137,
-0.04258486,
0.2426305,
-0.20855074,
-0.16306071,
-0.48739764,
-0.08111536,
-0.30443636,
0.02192299,
-0.1678166,
-0.21974649,
-0.06414962,
0.43808398,
-0.05920403,
-0.10955144,
-0.41726375,
0.06614572,
-0.39429164,
0.03635352,
-0.11102749,
-0.28145155,
0.05090947,
0.6022428,
-0.21343839,
-0.034937,
-0.47559032,
-0.01657613,
0.03790003,
-0.09769709,
-0.11775078,
-0.23496686,
0.01119014,
0.5253344,
-0.27228054,
-0.04158334,
-0.38281325,
0.01279838,
0.11417478,
-0.0702252,
-0.06245002,
-0.14496812,
-0.08709549,
0.3515449,
-0.25730807,
-0.01000077,
-0.40757474,
-0.08708279,
0.08960413,
0.11470107,
-0.02129085,
-0.17596759,
-0.08580647,
0.22658838,
-0.25256914,
-0.2608151,
-0.33664626,
-0.00106339,
-0.12104564,
0.12179486,
-0.07566307,
-0.05586526,
0.00664287,
0.24010429,
-0.29503825,
-0.08648361,
-0.42030585,
-0.06854761,
0.27032897,
0.31993866,
0.11216749,
-0.14229646,
0.05801971,
0.20381527,
-0.6296009,
-0.08960721,
-0.42929494,
0.05994268,
-0.11122195,
0.31228095,
0.17196774,
-0.19338736,
0.06697113,
0.10129336,
-0.62551695,
-0.09510026,
-0.4125508,
-0.06606681,
-0.2612563,
-0.0306964,
-0.12416412,
-0.2623456,
0.06627151,
0.10813745,
-0.7536026,
0.00681551,
-0.31509435,
-0.02931605,
-0.27845415,
0.05450576,
-0.4078837,
-0.14339143,
0.03801274,
-0.4478573,
-0.84433997,
0.05138367,
-0.3056492,
-0.05038569,
-0.7714567,
0.05900104,
-0.2323374,
-0.17664124,
-0.0752065,
-0.2045174,
-1.1405687,
-0.04520497,
-0.487172,
-0.06956985,
-0.4387495,
0.2701548,
-0.64652467,
-0.02247211,
0.07836279,
-0.08870247,
-1.2783448,
-0.14440759,
-0.21212669,
0.01031655,
0.17470585,
0.2014642,
-0.6908081,
-0.1516487,
0.04199658,
-0.24916409,
0.02348145,
-0.74381286,
0.3791259,
0.04890446,
-0.0220063,
0.6286656,
-1.4315542,
-0.78013736,
0.0378468,
-0.42336613,
-0.04718612,
-0.76230687,
0.11029807,
0.06082791,
0.2065221,
0.02783724,
-0.01265771,
-0.5402411,
-0.00752311,
0.1866778,
-0.7787294,
-0.9497323,
-0.69390154,
0.08034267,
-0.00700344,
-0.04833832,
-0.08828451,
0.01996305,
-0.01575154,
0.07065887,
0.02090076,
0.00335391,
-0.03772874,
0.01093701,
0.22494468,
-0.3270157,
-0.12512638,
0.03386731,
-0.06905478,
-0.00831232,
-0.1056054,
-0.22604147,
0.06584098,
-0.03430045,
0.1226377,
-0.18293677,
0.1922571,
-0.01392008,
-0.03588141,
-0.00255553,
-0.06744025,
-0.13806142,
0.0002414,
-0.02643652,
0.0121276,
0.36824557,
0.15100971,
-0.11817193,
-0.05169958,
-0.06750248,
-0.8306655,
-0.79894954,
-0.95949376,
-0.00089795142,
-0.096882053,
0.64447463,
0.31890017,
-0.60962391,
0.01649268,
-0.66108847,
-1.027786,
0.03989397,
-0.088265076,
-0.03678773,
-0.1882422,
0.15860412,
0.08656263,
-0.8159352,
0.03711131,
-0.88800544,
-0.43872818,
-0.46501404,
0.19181776,
0.0583327,
1.1085258,
0.07315295,
0.10226372,
-0.34622946,
-0.06666368,
-1.0264308,
-0.06938372,
0.00892836,
-0.36558416,
-0.09625784,
0.5343713,
0.39981323,
0.21502168,
-0.4493644,
-0.00611292,
-0.780099,
-0.25171867,
0.1916984,
-0.27327833,
0.01801124,
0.02747927,
0.26319095,
0.14530085,
-0.16376626,
0.0672792,
-0.16262235,
0.20397116,
0.0814859,
-0.28683725,
0.05983554,
-0.04979343,
0.28156072,
-0.0928956,
-0.15987913,
-0.05758581,
0.08072615,
-0.01177116,
-0.17879505,
-0.08655556,
-0.09464888,
-0.05008108,
0.27158284,
-0.01231516,
-0.12338669,
0.06389667,
0.27237585,
-0.07486566,
-0.15178533,
0.00942085,
-0.04354957,
-0.2471255,
0.18921342,
0.04360182,
-0.17227526,
0.00239399,
0.21175191,
-0.08343098,
-0.07613596,
0.03155975,
-0.02106324,
-0.54196113,
0.13658337,
0.10929017,
-0.17938691,
-0.05090848,
-0.09590925,
-0.35431674,
0.01419508,
-0.10989051,
0.03134274,
-0.7155135,
-0.05498076,
-0.17954355,
-0.38555658,
-0.00296996,
0.04942617,
-0.14447734,
-0.08512139,
-0.17343402,
0.0261463,
-0.55565417,
-0.04057597,
-0.18118806,
-0.22955896,
0.05797571,
0.13896108,
-0.31814003,
0.03033186,
-0.1789773,
0.04505844,
-0.07330085,
-0.06840561,
-0.01168372,
-0.24791156,
0.027752,
-0.1413521,
-0.09529994,
0.09634111,
-0.00546694,
0.01681796,
-0.12651093,
-0.19955425,
0.10274237,
-0.2055212,
-0.07556719,
0.1963266,
-0.20228195,
0.10615861,
-0.2750995,
-0.06758506,
-0.003307,
-0.12706178,
0.01962033,
-0.25264972,
0.0748294,
0.07754423,
-0.11984221,
-0.06908166,
-0.31176353,
-0.03346399,
0.39424014,
-0.06890621,
0.1321984,
-0.03891607,
-0.07674059,
0.03614656,
-0.43371493,
-0.09450347,
-0.27196512,
-0.05426973,
0.44586492,
0.22490776,
-0.02334864,
-0.11598139,
-0.06333121,
0.09726798,
-0.49739555,
-0.02069406,
-0.2820195,
-0.00250949,
0.35635298,
0.27925524,
0.05681062,
0.2285104,
-0.07875662,
-0.173445,
-0.22274445,
-0.19081184,
-0.49534044,
-0.0319147,
0.00733668,
0.1758518,
0.00637632,
-0.21376218,
0.03815101,
-0.18635064,
-0.7048669,
-0.16867685,
-0.35050812,
0.07098941,
-0.59045184,
0.16730091,
-0.02575892,
0.06593588,
0.07851055,
-0.84985256,
-0.70471865,
-0.1202786,
-0.38672915,
-0.00149331,
-0.41531673,
0.2357687,
0.14829727,
-0.0997535,
0.05638668,
-0.6225969,
-1.2786258,
-0.07393199,
-0.20596518,
0.03142764,
0.28484222,
0.13495529,
-0.46385857,
0.00992653,
-0.03534427,
-1.1476699,
-1.1365879,
0.08319944,
0.2612819,
-0.00495888,
-0.47655728,
0.49307275,
-1.40426,
-0.09096742,
-0.07424492,
-0.98662686,
-0.40165436,
-0.13564864,
0.26358232,
-0.00099997,
0.44364926,
0.07829402,
-0.6596429,
-0.6798337,
0.0640517,
-0.559034,
0.07207524,
-0.08317546,
0.30767265,
0.08082545,
0.57407844,
-0.6087037,
0.3454984,
0.54257315,
0.02348631,
0.48419625,
-0.7731498,
-0.7639485,
-0.930708,
0.05224324,
0.04098294,
-0.0566609,
-0.00814424,
0.02417885,
-0.02821257,
-0.02337497,
0.08317261,
0.02670228,
0.01769632,
0.01153779,
0.08481861,
-0.04468955,
-0.01686506,
-0.04540466,
-0.0105828,
-0.05297391,
-0.00821038,
0.01044606,
0.07296898,
-0.00631467,
-0.062217,
0.05207358,
0.02204791,
-0.07721492,
-0.0810684,
0.05417607,
0.05424439,
-0.04165912,
0.03960405,
-0.01190285,
0.01793686,
-0.3837663,
1.1382834,
0.02816955,
-0.01202621,
0.00530049,
-0.9817699,
-0.55386597,
-0.76579106,
0.01304454,
-0.78506213,
-0.2044577,
0.86719936,
-0.44303083,
0.07417075,
-0.11540425,
-1.0609815,
-0.30388093,
0.17961945,
-0.01517423,
-0.5041616,
-0.27345926,
0.391221,
-0.89259666,
-0.02741479,
-0.06494252,
0.12340363,
-0.16956961,
-0.47728765,
0.04871333,
0.7157079,
-0.00525803,
0.28095877,
-0.5662855,
0.00976583,
-0.5277258,
0.26057947,
-0.43081784,
-0.06092132,
0.07098345,
0.49381897,
0.27923214,
0.2806544,
0.1512926,
0.0348437,
-0.71706706,
0.30127037,
-0.28633088,
-0.34570608,
-0.06915668,
0.23774141,
0.22968177,
0.2955693,
0.256461,
-0.08113769,
-1.2966108,
0.38289744,
-0.22239731,
-0.07971147,
0.05742317,
0.06813751,
0.0503094,
-0.07167488,
-0.05578012,
0.0548192,
-0.8012515,
-0.46887144,
0.1280774,
0.03295463,
-0.0018357,
-0.02519236,
0.08935393,
0.1253911,
-0.16374198,
-0.03433392,
-0.4501868,
-0.35638472,
-0.03361008,
-0.36121768,
-0.06396234,
-0.13838702,
-0.03320166,
0.09449055,
-0.2139814,
-0.02019558,
-0.35121632,
-0.17451821,
-0.09239557,
-0.0075939,
-0.01079743,
-0.22406636,
0.09699751,
0.07036675,
-0.20185909,
0.00845511,
-0.5268897,
-0.46133387,
0.05708494,
-0.12026981,
-0.0413946,
0.09673259,
0.08846288,
-0.18211266,
-0.2304383,
-0.03062455,
-0.17695777,
-0.43877292,
0.16291463,
-0.13590242,
0.01657659,
-0.18544859,
-0.07237373,
0.01937499,
-0.14506884,
-0.0140516,
-0.13092336,
-0.38171047,
0.39395964,
-0.22948828,
-0.08304066,
-0.28784952,
0.05725421,
0.00221996,
-0.04775127,
-0.0876434,
-0.10405616,
-0.19469066,
0.15641898,
-0.07423284,
0.06311011,
0.04580692,
-0.06786489,
-0.00046736,
-0.17143574,
-0.0563346,
-0.1376457,
-0.0483531,
0.16250974,
-0.3201948,
-0.08709119,
0.18974066,
-0.15595895,
-0.2159773,
0.06884156,
-0.03104487,
-0.25186437,
-0.2983128,
0.2483588,
-0.14461032,
0.02269836,
0.68404466,
-0.1436316,
-0.00263356,
-0.01592525,
0.02193159,
-0.42777628,
-0.37455207,
0.08365583,
-0.21006097,
0.03224627,
0.20438315,
0.307459,
0.3143054,
0.20033205,
-0.07723813,
-0.26113215,
-0.34633154,
0.08989186,
-0.1838767,
0.01604611,
-0.38646266,
0.40285346,
0.0343609,
0.06321008,
0.07376003,
-0.19241355,
-0.5846763,
0.07718867,
-0.03635143,
-0.07950495,
-0.9831269,
0.15726212,
-0.17559975,
-0.01861357,
0.02278836,
-0.15739647,
-0.846928,
-0.12214012,
-0.05987135,
-0.08403048,
-1.4215363,
0.5177598,
-0.46927482,
0.19649953,
-0.04291877,
-0.20334218,
-0.95686674,
0.01614174,
0.04487136,
0.05527277,
-0.52233595,
0.488433,
-0.8002126,
-0.31912,
-0.05942485,
-0.3198178,
-0.9867861,
0.09231083,
0.5988174,
0.04789718,
-0.76625717,
0.43477675,
-0.88522494,
-0.26113042,
0.01484225,
-0.8629655,
-1.0930889,
0.51786727,
0.4232095,
0.08481621,
0.43607995,
0.65353376,
-0.03174002,
-0.20231514,
-0.06924826,
-0.85434145,
-0.65463006,
-0.07787131,
0.44517282,
0.02728222,
0.48721772,
0.13177449,
-0.50155324,
-0.04258838,
0.06795919,
-0.5971055,
-0.39175162,
-0.34573478,
0.00104617,
0.08563624,
0.7580702,
-0.56506634,
0.4707553,
0.5794398,
0.07476475,
-0.26929918,
-0.49081725,
-0.7484164,
-0.9440313,
0.0821119,
0.07753228,
-0.08047912,
-0.07411498,
0.01193862,
0.08375224,
0.04278249,
0.03681323,
0.02703571,
0.07614558,
0.08585768,
-0.07316874,
-0.00939488,
0.02868126,
-0.0232696,
-0.01896565,
-0.05272096,
0.04001466,
0.05199712,
0.01300672,
-0.06553824,
0.08421613,
0.0846694,
-0.00199792,
0.00613879,
-0.08691187,
0.07608352,
-0.05378241,
0.03168758,
0.0856613,
-0.08054505,
-0.04034674,
-0.43347418,
0.28972024,
-0.0170073,
-0.01559958,
-0.07710223,
-0.14667533,
-0.21886319,
-0.60697395,
0.04226466,
-0.6694056,
-0.9519353,
0.6613052,
-0.15346721,
0.02949081,
-0.05662536,
-0.02149914,
-0.6598182,
-1.0802928,
0.01888047,
-1.0868568,
-0.5842797,
0.87004006,
-0.9495674,
-0.02760073,
-0.08893711,
0.28560048,
-1.0689648,
0.00597943,
-0.02983694,
-0.1459353,
-0.6496924,
0.24247138,
0.118608,
-0.07713762,
-0.13509965,
0.7659057,
-0.49024805,
0.5062129,
0.00330547,
-0.17208996,
-0.7743538,
0.5992313,
0.1840693,
0.01950277,
-0.1838689,
0.5109751,
-0.36267385,
0.00603348,
-0.08726463,
-0.2003426,
-0.36724323,
0.537228,
-0.09553807,
0.04318053,
-0.69418395,
0.35824737,
-0.17346397,
0.20641592,
-0.01975837,
-0.40700898,
-0.08584181,
0.09681237,
-0.18707864,
-0.01721274,
-0.8024074,
-0.03079362,
0.13003446,
-0.01749174,
0.05727691,
-0.22334331,
-0.34906465,
0.08851248,
-0.12807111,
-0.06675465,
-1.2266054,
-0.27941382,
-0.02878747,
-0.29629016,
-0.08975884,
-0.4709085,
-0.3265718,
0.20456126,
0.01111809,
-0.0436624,
-1.6893305,
-0.13992079,
-0.06280016,
-0.11707181,
0.00756111,
-0.47231582,
-0.27712113,
0.13797909,
0.07519566,
0.04816138,
-1.5416592,
-0.21776314,
0.01285694,
-0.39545107,
0.05026348,
-0.49593863,
-0.01019241,
0.00691579,
-0.2874352,
0.0551126,
-1.3896667,
-0.2822171,
0.10325199,
-0.38901994,
-0.03489009,
-0.6696246,
-0.15246548,
0.22539537,
-0.26746154,
0.03720587,
-1.6065525,
0.00477474,
-0.01918765,
-0.4418545,
0.01936656,
-0.49889973,
0.29199374,
0.05950215,
-0.13757253,
-0.0938013,
-1.3358804,
-0.08785851,
0.06593768,
-0.44872212,
-0.0163830053,
-0.409210533,
-0.00365218986,
-0.0593941584,
-0.26219064,
7.90542435e-06,
-1.2615093,
-0.109337896,
0.0933386907,
-0.155711398,
-0.00481656,
-0.8770673,
-0.18792368,
0.10898007,
0.04196962,
0.0431289,
-0.6839231,
-0.13789228,
0.38475558,
-0.16026703,
0.00917628,
-0.09664701,
0.18038677,
0.16083148,
-0.22818857,
-0.06261091,
-1.4765116,
-0.1181512,
-0.19614321,
-0.08160176,
-0.030559119,
-0.035186369,
0.50752199,
-0.21480873,
0.013778723,
-0.034639075,
-1.3770463,
-0.37636107,
0.32856324,
0.00045616773,
0.0790149,
-0.03228535,
0.23193635,
-0.43772638,
0.17722368,
0.0675418,
-1.1799066,
-0.4484525,
0.5337891,
0.04859184,
-0.02340465,
-0.7725632,
0.13074702,
-0.41377112,
-0.00132225,
0.0446793,
-1.2181573,
-0.39994532,
0.11872289,
0.10519163,
-0.05983895,
-0.1424058,
0.46189946,
-0.23430696,
0.18995763,
0.00243921,
-0.7721662,
-0.4277275,
-0.07373025,
0.26001874,
-0.07140671,
0.12261025,
0.3897615,
-0.31359503,
0.02686467,
0.05746209,
-0.26939464,
-0.809559,
-0.07798744,
0.42103457,
-0.03888307,
0.41804907,
0.23976548,
-0.5395767,
0.05929495,
-0.02809443,
-0.16664821,
-1.3097126,
-0.07156962,
0.5691194,
-0.00655082,
0.00718953,
1.3464489,
-0.66019946,
-0.73743105,
0.06507763,
-0.23397455,
-0.76281846,
-0.83791184,
-0.3751127,
0.04735766,
0.54655606,
0.96871024,
-0.38466328,
0.4506531,
-0.04184027,
-0.18308994,
-0.5374059,
-1.0998439,
-0.5611399,
0.01931627,
0.52361834,
0.54208636,
-0.06790221,
-0.25064257,
-0.01908478,
-0.06214773,
-0.00718974,
-0.7553687,
-0.5755092,
-0.00524003,
-0.00897544,
-0.06403343,
-0.05921289,
-0.00350276,
-0.03773069,
-0.07576334,
0.05231702,
-0.03510464,
0.04669417,
-0.03280885,
0.03080457,
0.0098971,
0.04841738,
0.08189555,
-0.03635613,
0.03318545,
0.07619116,
0.03210445,
-0.00107605,
-0.05949893,
0.04682567,
0.06738102,
0.042921,
0.01602075,
0.063202,
-0.03661534,
-0.07633708,
0.06429038,
0.03519834,
-0.00075275,
0.06327922,
-0.02384852,
0.45890898,
-0.38123357,
0.01265092,
-0.06002113,
-0.6045045,
-0.58996403,
0.43873572,
0.01727035,
-0.67626876,
-0.6035454,
-0.57514316,
-0.01606048,
-0.08825707,
0.01038473,
0.612323,
-0.53424406,
-0.8972812,
0.01132919,
-1.0930461,
-0.92744887,
-0.18013972,
-1.0241613,
-0.05970893,
0.01269175,
0.5684595,
-1.3853041,
-0.12592864,
0.08126558,
-1.1871661,
-1.395697,
0.11968396,
-1.1678716,
0.0241753,
-0.12676515,
0.22828436,
-1.4500265,
0.8002321,
-0.02491705,
-0.82059705,
-1.3829714,
0.5520076,
-0.35918975,
-0.04824188,
-0.12647937,
0.03338759,
-0.19164583,
0.28794834,
-0.05077443,
-1.0765886,
-1.4430726,
0.755349,
-0.45582333,
-0.04273772,
-0.07729849,
0.2948516,
-0.34232983,
0.24844654,
0.05756546,
-0.38344425,
-2.158607,
0.8398433,
-0.6766898,
-0.01409025,
-0.54836655,
0.25404698,
-0.5235918,
0.25503382,
-0.08787022,
-0.66236156,
-2.1637607,
0.6035518,
-0.53532696,
0.00681739,
-0.6544484,
0.30959994,
-0.4619328,
-0.08453859,
0.04483227,
-1.6539643,
-1.5679367,
0.5492805,
-0.22409011,
0.0666763,
-0.7730225,
0.03364729,
-0.11494581,
0.10707591,
-0.01695128,
-1.6051788,
-1.1494759,
0.2328306,
-0.49516264,
-0.09798801,
0.01980522,
0.28104964,
-0.16678336,
-0.1495532,
0.02627985,
-1.0877666,
-0.61380386,
0.4946823,
-0.6984637,
-0.05365638,
0.20962726,
0.18360429,
-0.37669343,
-0.04129616,
0.040177,
-1.0559002,
-0.41745496,
0.41731972,
-0.39344686,
-0.04734945,
-0.7492199,
0.06956447,
-0.29942834,
-0.05677973,
-0.0309493,
-0.9400283,
-0.06081428,
0.23403068,
-0.28800544,
0.02505532,
-0.9626299,
0.05208359,
0.03104121,
0.12671944,
0.04457065,
-1.1931306,
0.19694965,
-0.00553005,
-0.23197043,
0.05171269,
-1.0093569,
0.07821972,
0.10509812,
-0.08722826,
-0.04923775,
-1.9145173,
-0.0292253,
0.30614194,
-0.5210265,
0.06158955,
-0.9098386,
0.08705212,
0.11586697,
0.10388679,
0.03551482,
-1.8188057,
0.00286849,
-0.04603561,
-0.51793146,
-0.0335127,
-0.82621247,
0.1561337,
0.14050888,
0.10001279,
0.05860222,
-1.2427058,
-0.400408,
0.40030614,
-0.16239588,
0.00620874,
-0.59520876,
0.21276182,
0.21576318,
0.31866443,
-0.06397829,
-1.0926352,
-0.6633069,
0.69356644,
-0.5414106,
0.06012927,
-0.5413178,
0.14894877,
0.29752234,
0.39162144,
0.06903858,
-0.5101809,
-0.09141686,
0.3393459,
-0.22339715,
-0.03657665,
-0.3894641,
-0.11115709,
0.16711454,
0.60867995,
0.04217807,
0.02174804,
-0.16798611,
-0.33938128,
-0.41552582,
0.06120877,
-0.21135493,
-0.17783543,
-0.25190213,
0.50947875,
0.04501513,
-0.08223622,
-0.66922736,
0.164854,
-0.0810797,
-0.09529067,
-0.17320497,
0.02739392,
-1.189475,
0.04583058,
0.01028869,
-0.48004177,
-0.76878256,
-0.57766664,
0.16937931,
-0.03453862,
-0.24836269,
-0.08414124,
-0.6729631,
-0.00456086,
-0.06279209,
-0.51669186,
0.17805356,
-0.08543546,
-0.58649915,
-0.0054609,
-0.03053687,
-0.05061571,
-0.8537599,
-0.3858551,
0.02662925,
0.06689367,
0.49065703,
0.00551149,
-0.38637608,
-0.00397213,
0.00884539,
-0.4236256,
-0.4763705,
-0.47982308,
0.04599086,
0.05492122,
0.47886097,
-0.00396568,
-0.12927029,
-0.03081796,
0.03120236,
0.0523499,
-0.5326414,
-0.5048313,
-0.07453048,
-0.0334427,
-0.01840951,
-0.03392573,
-0.03512066,
0.0439915,
0.00257991,
-0.01182955,
-0.01164828,
-0.01467661,
-0.07178544,
0.05859832,
0.08086162,
0.07789553,
-0.0860033,
-0.03667717,
0.04406475,
-0.0410791,
-0.08147468,
0.07858048,
0.05968811,
0.0322257,
-0.00793257,
0.04630917,
0.04295412,
0.06145335,
0.08383537,
-0.02240454,
-0.04607689,
-0.01592369,
0.04038606,
0.04996902,
0.00217562,
0.0677396,
-0.05601669,
0.02512889,
0.01048537,
0.06774033,
0.03910632,
-0.02443261,
0.00479348,
-0.3309039,
-0.05403863,
-0.37993497,
-0.23071006,
0.0737168,
-0.0691404,
-0.4549356,
-0.18534261,
0.4613389,
0.040175,
-0.38079202,
-0.23263927,
-0.05216018,
-0.7507886,
0.01721422,
0.02146594,
-0.8274091,
-0.72486097,
0.8261755,
0.02353606,
-0.6373392,
-0.23670837,
0.18262185,
-0.75195146,
-0.08630068,
-0.08121659,
-0.5285986,
-0.8364514,
0.7365537,
0.08049704,
-0.6232626,
-0.47537062,
-0.21804313,
-1.0379244,
0.0683725,
-0.05904461,
-0.26752573,
-1.2280716,
0.820173,
0.06972758,
-0.69894886,
-0.75032395,
0.04412026,
-1.480978,
0.03910153,
0.01029913,
0.37937352,
-1.4352307,
0.8725269,
-0.03872371,
-0.8555541,
-0.7822039,
-0.49325728,
-0.8004813,
-0.01731959,
-0.1719356,
0.49431843,
-0.5223828,
0.6370299,
-0.04848368,
-1.0248983,
-0.7858279,
-0.86966246,
-1.3954668,
-0.0781457,
-0.1390558,
0.39126745,
-0.7383307,
0.68124986,
-0.04004515,
-0.8737599,
-0.93953866,
-0.1361528,
-0.91592115,
-0.07496396,
-0.2375346,
0.23193806,
-0.87311214,
0.49278396,
-0.04637655,
-1.2599396,
-0.76754576,
-0.01254936,
-1.3442088,
0.01510031,
-0.4552821,
0.19075505,
-0.3357822,
0.5289409,
-0.04448155,
-1.5407679,
-1.2333875,
-0.11763608,
-0.96175236,
0.01595555,
-0.5435189,
0.05658165,
-0.36170936,
0.7115157,
-0.07550583,
-1.2501372,
-1.4807279,
0.07826977,
-1.3880976,
-0.03326726,
-0.26255727,
0.45167857,
-0.49374393,
0.53712267,
0.068672471,
-1.4180454,
-1.7109604,
0.043163661,
-1.7047794,
0.00033824559,
-0.24163491,
0.44522589,
-0.60908371,
0.94025606,
0.02731409,
-1.2235134,
-1.2091419,
0.26851228,
-1.2547015,
-0.02947346,
-0.46187052,
0.5729928,
-1.7188914,
0.3990911,
0.036223188,
-1.1608588,
-1.2238922,
0.36463356,
-1.249765,
-0.0011503623,
-0.095899105,
0.48090819,
-1.1382784,
0.56509233,
0.00916626,
-1.0387887,
-0.95546985,
0.36492112,
-1.1722956,
0.05418893,
-0.1065845,
0.4331766,
-0.21640137,
0.57512873,
-0.0374122,
-0.77613765,
-0.9976947,
0.2977256,
-1.5969887,
-0.03836185,
-0.19480632,
0.5649277,
-0.26253211,
0.6119975,
-0.08280814,
-0.6204581,
-0.7993188,
0.30935702,
-1.3142238,
-0.02762179,
-0.15361466,
0.8153929,
-1.344296,
0.27172452,
-0.0384682,
0.01609908,
-0.6773329,
0.3400676,
-1.4524207,
0.0487154,
-0.34342837,
-0.02023884,
-1.136846,
0.4218522,
-0.02429827,
-0.33691657,
-0.7955237,
0.04228834,
-1.3676358,
-0.06854589,
-0.1091888,
-0.21190664,
-0.49138927,
0.30105636,
-0.07607213,
-0.46853903,
-0.8468823,
-0.12977776,
-1.2711068,
0.07322944,
-0.11705562,
0.13385147,
-0.23435904,
0.02666688,
-0.06872477,
-0.4692067,
0.01386913,
-0.53715605,
-0.13687856,
-0.07276133,
-0.07926499,
-0.07151412,
0.35450134,
0.37749133,
0.00484014,
-0.00448316,
-0.06995509,
0.05115879,
-0.28422776,
-0.08644214,
-0.0308937,
-0.55028087,
-0.11929562,
0.38317096,
0.03784901,
-0.06218458,
-0.06834048,
0.01696394,
-0.0768773,
-0.00928485,
-0.02732364,
0.19156556,
-0.0235602,
-0.19676149,
-0.0404168,
-0.0757529,
-0.0406284,
-0.02511514,
-0.07498918,
-0.00326582,
-0.05700671,
0.01220563,
-0.00665389,
0.05570851,
-0.08304474,
0.02647391,
-0.04283155,
-0.046514,
0.05191737,
-0.08479752,
-0.08140367,
0.0003462,
0.07196193,
-0.02782619,
0.00341227,
0.06348588,
0.04199807,
-0.05724538,
-0.00959295,
-0.05164561,
-0.06248763,
-0.05002496,
0.02744447,
0.02579544,
-0.08264443,
0.07138684,
0.02033843,
-0.08348445,
0.03230068,
-0.04528816,
0.02321576,
-0.03391593,
0.01959832,
-0.00793245,
-0.05263646,
0.02799606,
-0.03119589,
0.03524072,
0.07155368,
0.05911391,
0.00489616,
-0.02369976,
0.08681258,
0.04977231,
-0.07714663,
0.08208973,
-0.00095524,
0.04701424,
0.01419874,
0.08602687,
0.04565565,
-0.02063783,
-0.05992204,
0.02941152,
-0.04649657,
0.02112948,
0.07495882,
-0.04823859,
-0.05242023,
0.03958883,
-0.02467892,
0.45031363,
0.0416945,
-0.46857807,
0.0718494,
0.03151482,
0.00328305,
-0.0572014,
-0.04905315,
-0.0567596,
0.03070565,
0.61291814,
0.02367027,
-0.7830193,
-0.01744332,
0.02309876,
-0.00469834,
-0.11268188,
-0.5337341,
-0.01306939,
-0.08243509,
0.22752294,
-0.0785795,
0.17834057,
-0.03757628,
0.04713133,
-0.02011271,
-0.11434143,
-0.6045425,
0.04734532,
0.04149486,
0.0297041,
-0.06270378,
0.23665173,
-0.06402522,
-0.04812743,
-0.0990567,
-0.24298246,
-0.59449315,
0.03202134,
0.01849952,
0.08239373,
-0.09811527,
0.28788793,
-0.07768941,
-0.02409217,
-0.20323469,
-0.5638602,
-0.8103,
0.04489199,
0.0406175,
0.09149617,
-0.51146054,
0.27961287,
0.04969345,
-0.44473025,
-0.3598184,
-0.9679003,
-0.8891828,
0.03004477,
0.04625665,
0.7080221,
-0.7009704,
-0.12957768,
-0.08782617,
-0.45494643,
-0.2776779,
-0.91127044,
-0.8022693,
0.04852377,
0.04382715,
0.10196302,
-0.6552331,
-0.07765401,
-0.03352405,
-0.40135914,
-0.02774636,
-0.9298684,
-0.97390664,
-0.00919092,
-0.13085867,
-0.05338719,
-0.63539964,
0.20343539,
-0.01160912,
-0.48131642,
-0.17562637,
-1.185402,
-1.2057624,
0.07442024,
-0.20317355,
1.2750673,
-0.6391186,
-1.1100713,
-0.03258779,
-0.53903055,
-0.00422203,
-1.0111215,
-1.4341208,
-0.00662694,
-0.01223199,
0.6818528,
-0.81516445,
0.21174331,
-0.01093929,
0.06784869,
0.01142241,
-1.2202829,
-0.77274173,
-0.016886,
0.05458137,
0.4800621,
-0.42718843,
0.15325543,
-0.04944583,
0.04653919,
-0.09368373,
-0.8940189,
-0.86915404,
-0.071908,
0.03548145,
0.48141208,
-0.26090413,
-0.05985783,
-0.07642273,
-0.5608415,
-0.07803088,
-0.9102696,
-0.9234396,
-0.00738767,
0.02129144,
1.1099751,
-0.51288617,
-0.61110884,
-0.04466462,
-0.43167976,
-0.0708759,
-0.7899682,
-0.94984597,
-0.003662,
-0.09167284,
0.3968952,
-0.53468925,
0.11687511,
0.00909322,
-0.3468645,
0.05602469,
-0.5502168,
-0.5598326,
0.02063603,
0.03490109,
0.8005797,
-0.4670977,
-0.19873405,
-0.06655388,
-0.06670091,
0.02669307,
-0.61071086,
-0.6504986,
-0.02322856,
-0.04588284,
0.01460627,
-0.23339523,
-0.05122247,
0.05739193,
-0.03914922,
-0.40464157,
-0.36870176,
-0.6219348,
0.03956125,
-0.11932611,
0.12008432,
-0.09966093,
-0.27992213,
-0.01746646,
0.03893175,
-0.4169637,
0.01110366,
-0.5740593,
0.04892261,
-0.02395339,
0.23437564,
0.03228785,
0.03986351,
0.06529478,
-0.01310842,
0.08667605,
-0.04037282,
-0.02612702,
-0.05299362,
0.03948178,
0.5128725,
0.05960084,
-0.697434,
0.03928336,
-0.07259232,
-0.07258087,
0.02798811,
0.02975934,
-0.01182244,
0.05432265,
0.04536872,
-0.05726733,
0.03047315,
0.03789548,
0.04874555,
-0.01268475,
0.02304879,
0.01425555,
0.02465653,
-0.04934492,
-0.01536279,
0.06222955,
0.04474793,
0.05608834,
-0.03422615,
0.02251252,
-0.06731842,
-0.01635287,
0.03702254,
-0.02377551,
-0.039544,
0.01799284,
0.01089539,
-0.05389636,
0.06994794,
0.06966171,
-0.07254685,
-0.07050244,
0.02890182,
-0.03816482,
-0.00557121,
-0.06532158,
0.03837676,
-0.01380668,
0.59833854,
0.32223344,
-0.37069467,
0.35177293,
-0.01916679,
-0.02929075,
1.0357814,
-1.4456614,
-0.17184442,
]
