NN_data2 = [
-0.06205477,
-0.08374115,
0.0033924344,
0.022457942,
0.029477857,
0.0047641033,
-0.06590385,
-0.048661027,
-0.04579748,
0.038198095,
0.012692981,
-0.045891,
-0.069850534,
0.06488028,
0.016220238,
-0.085955605,
-0.053213518,
-0.073911004,
0.0763792,
0.06725151,
0.0684873,
-0.057725184,
-0.083556525,
-0.0797294,
0.0452523,
0.048619132,
-0.059184443,
0.08316652,
0.010324539,
0.048577204,
-0.016152674,
0.05320995,
-0.05704656,
0.019600045,
-0.054722834,
0.01848382,
0.061289653,
0.021806857,
0.0054045557,
0.08674309,
0.03781859,
0.020383203,
-0.058683597,
0.0010615466,
-0.0738398,
0.042897902,
-0.056097507,
-0.02672865,
-0.06844907,
-0.049314387,
0.06652204,
0.06290514,
0.025932712,
0.053300258,
0.052577414,
-0.056555904,
0.032767683,
0.038292978,
-0.0056075417,
-0.08376886,
0.014902013,
0.054103617,
0.05815128,
0.047977775,
0.068574406,
-0.061918315,
-0.024150303,
-0.008876856,
-0.059662998,
0.0024057413,
0.04918372,
0.011085037,
0.008154344,
-0.05280492,
0.068635434,
0.06647594,
0.0711669,
-0.0075011365,
0.06110964,
-0.057178672,
-0.08392168,
-0.025906699,
-0.011054182,
0.08137993,
-0.05724523,
0.02732085,
-0.0649885,
0.052712463,
0.0032235265,
-0.06324588,
0.025455095,
0.071867146,
-0.054009963,
0.0065733707,
0.0656445,
-0.033023767,
0.025764711,
0.060634375,
0.050921332,
0.02552123,
-0.045705095,
0.0043233833,
-0.04497838,
0.016141014,
-0.03173207,
-0.086303,
-0.023169976,
0.004209391,
0.04795456,
0.065938905,
0.030329557,
-0.019088523,
-0.039413586,
-0.07208133,
0.04930469,
0.030796716,
0.0066306335,
-0.07809994,
-0.07419416,
0.036859967,
-0.032272946,
0.050348494,
-0.8701126,
-0.06092725,
-0.2173187,
0.028816948,
2.5724444,
0.016258186,
0.027531445,
-0.07809458,
-0.010296491,
-0.07892906,
3.6222572,
0.01833364,
-0.16344823,
-0.011903045,
3.5447679,
0.05417052,
0.008809474,
-0.13069953,
-0.07167005,
-0.022908658,
5.457452,
-0.0102878,
0.013612164,
-0.014721359,
-0.78236645,
0.060974583,
0.054438867,
0.050707314,
0.020715,
-0.025102356,
0.45225415,
0.019395908,
-0.047221683,
-0.00048581205,
-0.06701183,
0.03273439,
0.07312825,
0.015856547,
-0.047458015,
-0.0627166,
-0.04023479,
-0.028996412,
0.07542941,
0.056667205,
-0.055454582,
0.02058639,
-0.018465197,
-0.014791253,
-0.053288836,
-0.017061152,
0.08230207,
0.034461588,
0.02797854,
0.028578015,
0.08448151,
0.043194875,
0.05220786,
0.08022937,
0.0368424,
-0.05998421,
-0.04174592,
0.06532442,
0.07685342,
0.052809417,
-0.023028456,
0.06699429,
-0.07359668,
-0.013830208,
-0.04225262,
-0.011344075,
-0.075692534,
-0.054462858,
0.0348435,
0.04782159,
-0.047554933,
0.044846613,
-0.08106014,
0.05233364,
0.020568945,
-0.03522554,
0.0077101793,
-0.048553094,
-0.0683708,
-0.049065206,
0.027501063,
0.01663278,
-0.054914016,
0.029936556,
-0.053629752,
0.07353664,
0.018436262,
-0.071950205,
0.052419297,
0.07365326,
0.00911682,
-0.08423662,
0.05239692,
0.00046544877,
0.038365565,
-0.055807106,
-0.036495514,
-0.011078353,
0.08457894,
0.06188974,
0.03568923,
-0.03834966,
-0.047841605,
0.046985984,
0.06013137,
-0.007563769,
-0.060788132,
-0.057695106,
-0.075610176,
0.083481185,
0.056751423,
0.018012822,
-0.028656807,
-0.011562266,
0.02534384,
0.025349665,
0.003593272,
0.03192275,
0.082038864,
-0.064093575,
-0.03587018,
-0.008742275,
0.08582927,
-0.034648813,
-0.014830607,
-0.004567057,
0.03058453,
0.013651249,
0.07760653,
-0.015621832,
0.0018393401,
0.05834793,
0.0470667,
-0.08860337,
0.05982431,
0.00953023,
0.07359765,
-0.00071580306,
0.04377953,
-0.06575171,
0.063159786,
0.03808602,
0.059125602,
0.06163949,
0.030873945,
0.06281796,
0.010164569,
0.01694453,
0.027731204,
0.037475977,
-0.055532403,
-0.048542045,
0.038104534,
0.07552565,
-0.024286063,
0.08666756,
0.0046062954,
0.07206386,
-0.016963733,
0.055932276,
0.06592044,
-0.017309528,
0.04335882,
0.028096342,
-0.07871459,
0.027217044,
-0.059525643,
0.08000169,
-0.008332332,
0.015381688,
0.02403836,
-0.08528322,
0.0483285,
-0.004173406,
0.03607593,
-0.040909227,
0.01266084,
-0.008608035,
0.0067575322,
-0.0034411338,
0.0495618,
-0.063346066,
0.060732152,
0.083833724,
0.059134506,
0.08417939,
-0.0050223614,
0.02358107,
0.01748787,
0.049103033,
0.06364382,
-0.036525927,
-0.049964685,
-0.024628315,
0.043364782,
0.022707887,
-0.13367689,
-0.0028605857,
-0.11383643,
-0.03784919,
0.41909325,
0.04339178,
-0.072850175,
0.013473342,
-0.055774096,
-0.0668114,
-0.4042426,
0.038925804,
-0.09984664,
0.012932887,
0.93328005,
-0.08099644,
-0.026820404,
-0.057502955,
-0.0690276,
0.021831475,
-0.939715,
-0.045162603,
-1.401322,
0.0166317,
1.7638247,
-0.14280918,
0.047533106,
-0.016167225,
-0.07114539,
-0.21797283,
3.344344,
-0.045622785,
-1.5331722,
-0.09148566,
-0.28858843,
-0.28655347,
-0.019913431,
-0.020939052,
-0.035853215,
-0.97385466,
-14.943252,
-0.022584356,
-1.3514645,
0.035914645,
16.515888,
-0.3251165,
-0.11480616,
-0.073691554,
-0.01808262,
-0.9113993,
1.2873129,
0.04958175,
-1.5516824,
-0.11781325,
-0.44556087,
-0.14011146,
-0.08641369,
-0.029749319,
-2.017343,
-0.74132985,
1.020967,
-0.63515335,
-1.6200981,
-0.2509146,
0.9300932,
-0.09455033,
-0.050382137,
-0.27218696,
18.63725,
-0.08709688,
-3.9142172,
-3.1776893,
-1.772629,
-0.26210836,
1.2983874,
-0.94262916,
-0.09105856,
-0.56167763,
21.645132,
-0.119850434,
0.7598663,
-8.3092785,
-1.8358734,
-0.86840695,
3.6802752,
-1.0463631,
0.0047520334,
-0.59583896,
19.504822,
-2.9173458,
0.7848403,
-3.699061,
-1.7910441,
-0.9686946,
4.8325443,
-0.93463355,
-0.20737718,
-0.47422346,
-17.067297,
-1.465965,
-3.2780042,
-1.7774777,
-1.0722203,
-0.36055806,
-4.6596613,
-0.024176477,
-0.18553907,
-0.084179655,
-0.7781423,
9.641258,
2.5635684,
-1.4286989,
-5.404212,
-1.3040833,
3.0758665,
-1.2389203,
-0.13680448,
-4.126842,
-1.502627,
-11.7100525,
2.648031,
-0.7491281,
-5.373811,
-4.006394,
0.7240145,
-1.3575963,
-0.17898004,
-4.16083,
-1.0279857,
-10.70923,
0.36122802,
0.05719195,
-5.1303926,
-2.4320378,
3.8437736,
-1.2966071,
-0.3288067,
-4.1921186,
-0.04614894,
-1.2876279,
8.156554,
-0.023550807,
-1.5340521,
-2.642674,
5.4922056,
-0.009821658,
-0.962049,
-0.37969804,
-0.054246224,
0.015539283,
-16.311928,
-0.12601496,
-5.8345547,
-2.313993,
20.730377,
-0.0972543,
-0.7113933,
-0.7696794,
-0.11389661,
-0.051673178,
-1.6880219,
-0.1471661,
-12.601981,
-0.9170703,
12.929414,
-0.027172929,
-0.22544456,
-1.8371189,
-0.11240798,
-0.08403392,
-0.94501454,
0.0068962476,
-5.4508204,
-0.51871395,
5.982585,
-0.069248006,
-0.2033712,
-0.7635669,
-0.08687632,
0.058996562,
-0.22863364,
0.008608838,
-3.2832894,
0.04515601,
3.5116625,
-0.18171248,
-0.18144944,
-0.68377334,
-0.02014507,
-0.07639517,
-0.32078454,
0.018965444,
-2.5500648,
-0.098832905,
2.5888314,
-0.05790006,
-0.08229609,
-0.63297206,
-0.08386829,
0.08596486,
-0.0078078145,
-0.07632319,
0.02140915,
0.037411623,
0.07452699,
-0.04828461,
-0.036271106,
-0.03995843,
0.058194656,
-0.051814467,
-0.07720617,
-0.056763057,
0.058007676,
0.038171362,
-0.032494612,
-0.06367421,
-0.03796648,
0.03727254,
0.026171312,
-0.0047912453,
-0.0664998,
-0.060493283,
-0.057241995,
0.06542946,
-0.07860448,
0.026626503,
0.019545581,
-0.011711794,
0.015053775,
0.018663011,
0.056355104,
-0.013771223,
0.016994976,
0.080488175,
-0.055315416,
0.032755606,
0.039422713,
0.060086012,
-0.058718037,
0.059881464,
0.052885953,
-0.051262226,
0.06391447,
-0.003863143,
-0.021729233,
0.0061431183,
0.078899756,
-0.06890948,
0.0047429795,
-0.056014627,
0.068276905,
0.030814348,
-0.018530577,
-0.025657395,
0.0837989,
-0.032837365,
-0.07030484,
-0.015799247,
0.047719438,
-0.08412812,
-0.1565103,
0.005274697,
-0.11437707,
0.031897936,
0.92113256,
0.056610238,
-0.0987643,
-0.049520064,
22.806423,
-0.008835965,
-0.82273775,
-0.09956352,
-9.647045,
-4.0304155,
-7.0529156,
-4.8863254,
-0.111385,
-7.4295344,
13.489791,
-0.02096621,
-8.734764,
-0.01361281,
-6.8576655,
-2.395548,
5.426677,
-2.6369827,
-0.09354196,
-3.9605443,
-0.26519942,
-0.06547706,
-8.862625,
-1.0752208,
-0.3269203,
-0.41711998,
10.00801,
-0.05398911,
-0.104763314,
-0.08308741,
-11.9172945,
-0.26222336,
6.66596,
-2.0261674,
-1.500226,
-0.08964672,
-3.726668,
-2.1133282,
-0.09110107,
0.028164964,
33.639328,
-0.8248748,
-2.773421,
-2.0126686,
-2.1854951,
-0.4046773,
4.941146,
-1.0811971,
-0.16438107,
-0.22376327,
2.9315505,
-2.6417515,
4.651113,
-2.2424471,
-2.6640704,
-1.5102178,
7.2623043,
-0.43269223,
-1.5948377,
-0.25931564,
-11.7787,
-3.0266917,
3.7186437,
-31.128237,
-14.670917,
-4.619395,
3.4860723,
-0.25482506,
-1.3559998,
-0.35224438,
-9.825917,
-0.2258976,
4.6147137,
2.5694275,
-16.538778,
-4.332885,
4.663847,
-0.5248933,
-1.8940808,
-0.446687,
0.09593353,
5.2007236,
5.342506,
5.3021803,
-12.497053,
-4.8410006,
6.1194215,
-1.0412644,
-4.5553536,
-0.7444055,
-25.859934,
-6.945821,
4.155781,
4.924057,
-14.622852,
-8.569135,
3.6251616,
-1.2875627,
-6.734633,
-0.71917886,
1.4690862,
3.5460083,
-1.2953438,
-3.9611762,
-13.7696085,
-15.70431,
-1.6792692,
-1.2823036,
-5.26215,
-0.6486957,
-5.262403,
-1.3393023,
-1.4591317,
3.985104,
-23.089563,
-8.040632,
0.51026136,
-0.2259543,
-6.807129,
-0.53097796,
-10.953044,
-0.17030212,
1.263901,
-2.2855875,
1.7460634,
-2.0505073,
-0.5345048,
-5.991118,
-4.366575,
-0.45826316,
0.19578849,
5.30677,
1.2886386,
-51.63263,
-13.854955,
-1.1095052,
1.1281767,
-6.5916204,
-52.52946,
-4.4495664,
-7.774856,
-2.4821298,
-1.1733913,
-14.445339,
2.475333,
1.1598287,
0.1783783,
-5.035446,
-2.7811868,
-4.7606225,
-4.2806225,
-46.496307,
4.728195,
-4.4058933,
-11.19777,
2.1039255,
2.9889019,
-0.07258351,
5.5247717,
-6.3658466,
4.2686872,
-4.9465446,
-5.201557,
-6.7354193,
2.870922,
-0.72939885,
-1.2681386,
-0.031773653,
-9.600717,
-0.86120677,
-21.621656,
-5.938046,
3.1862028,
-2.7081752,
-4.9884124,
-0.33101848,
2.6942544,
-0.027366191,
-2.4973898,
-1.7339827,
-3.4881692,
-3.1399677,
5.544277,
-2.5837533,
0.00824723,
-0.8620217,
5.2885695,
0.03101133,
-3.073936,
-1.342906,
-1.0559567,
-5.2269745,
-20.914148,
-1.90078,
9.665687,
4.6189837,
4.6153703,
-0.09117208,
-4.1060004,
-0.77035415,
-1.4846709,
-4.3780866,
0.9704585,
-0.18443948,
-33.878967,
-1.5230141,
11.0074,
-0.05160866,
-6.567943,
-0.6613556,
-1.3831588,
-1.255044,
26.524004,
0.028293114,
-4.5129547,
-12.153412,
-17.61924,
0.073739715,
-5.033689,
-0.08536257,
-0.49828637,
-0.15400417,
-8.144478,
-0.05517788,
-1.5715199,
-0.35518563,
12.779693,
-0.025857728,
-1.1406453,
-0.008285481,
0.021377994,
-0.085200906,
0.081799865,
0.062698975,
0.056539677,
-0.057606775,
0.07483576,
-0.054574866,
0.06450809,
0.07670839,
0.08264066,
0.056321815,
0.03112909,
0.010794797,
0.00019061276,
-0.023245418,
-0.07727938,
0.042127367,
0.0036793782,
0.009793777,
-0.07627356,
-0.030396517,
0.07383115,
-0.051393792,
-0.006994906,
0.07279607,
-0.004127428,
0.06881764,
-0.03042737,
-0.05215561,
0.0066667106,
-0.05230806,
-0.06768389,
-0.08125506,
-0.07034575,
0.0059939665,
0.03172906,
-0.057991296,
-0.01929202,
-0.033788852,
0.049818184,
8.879278,
6.930007,
-5.9550023,
-0.20443586,
-0.112363815,
-1.9271853,
0.061966334,
-9.608412,
0.01762644,
4.264765,
4.243122,
-23.15981,
-1.1515923,
-14.502273,
-9.639388,
26.259392,
-9.147298,
-4.7485123,
-12.6390915,
-15.449232,
-0.027520997,
-13.489161,
-25.402382,
-16.116175,
-12.264577,
-26.172836,
-4.8683047,
-0.07179286,
-7.251257,
29.222591,
-3.7776287,
8.376613,
11.03977,
-7.5714335,
-4.73099,
5.4617395,
-0.7542387,
-17.354317,
-1.5787047,
0.22390926,
-0.36404136,
4.736669,
3.621947,
-4.890935,
-6.112899,
11.82116,
-0.8839012,
-2.2065823,
-1.6932688,
-24.32849,
40.088852,
1.8448951,
-0.033868074,
-53.032085,
-30.062685,
5.956413,
-2.7904043,
-11.392808,
-1.2325901,
7.213982,
-82.48667,
4.4293866,
11.784191,
-33.643456,
8.494357,
4.991698,
-2.933892,
-29.868076,
-0.6346852,
4.8542676,
-1.2595611,
9.075959,
3.7905366,
2.2652724,
1.4270972,
5.1308613,
-2.274181,
0.9098891,
-0.7086779,
1.3115653,
-0.40031695,
-0.9738081,
1.493507,
0.5097162,
5.17462,
-0.09696461,
-2.029528,
-3.3873374,
-0.6817442,
-0.53119826,
-3.6938963,
1.7341667,
-0.42942792,
-3.4182444,
-3.9782517,
2.185097,
-3.7448685,
2.3864608,
-2.252455,
1.2354484,
1.7161288,
-0.603398,
2.9480045,
-2.29744,
2.7576523,
-0.51261663,
-7.8390417,
-2.2475505,
-5.8526864,
0.39724857,
0.24849012,
3.6630878,
0.5110405,
-8.782913,
0.89770067,
2.6700034,
-14.114622,
2.9045954,
-10.800443,
3.772649,
-3.1214728,
-0.023996942,
1.5070075,
-0.6576028,
-0.3714741,
0.047729086,
-6.886474,
-1.1466166,
-17.945513,
-1.9006368,
-0.38365617,
-0.42298615,
-0.28744423,
-4.689582,
0.28620446,
-0.3362671,
-7.7221494,
-0.24341097,
-18.413342,
0.9273837,
-2.1165285,
-0.71462667,
0.98662704,
-1.8373864,
-1.2647439,
-0.34898174,
-7.3311114,
-0.22194114,
-24.394032,
-0.8061914,
-1.6440942,
-0.5774643,
-1.523854,
-4.1545997,
-0.820839,
-2.0756776,
-6.9182434,
-2.1839492,
-9.975396,
-0.45100132,
-1.5981153,
-1.6088674,
-0.22263579,
-1.115088,
-0.743124,
0.18125735,
-7.2933846,
1.3445536,
5.020693,
-2.4832835,
-1.4346265,
0.12286218,
-0.053406425,
-0.8413009,
0.7507881,
1.0042679,
-2.3114545,
-1.3756816,
3.7867603,
2.087784,
-0.38080385,
-3.8014095,
0.7571993,
-6.5065117,
-1.7610427,
-2.517127,
-16.95951,
-2.0300248,
-3.739841,
-1.3047866,
0.88622284,
3.0158725,
2.014228,
2.5914352,
3.456486,
2.574228,
-18.112448,
2.6714334,
-2.362158,
1.169117,
0.4248464,
2.591492,
-2.6663475,
-1.3895482,
1.9759368,
1.3111237,
-16.663652,
0.67964715,
-0.48675662,
-4.9090095,
6.738107,
-8.332259,
-58.378563,
1.2445755,
-1.055137,
1.5405183,
-0.015929565,
5.8808203,
-0.09649549,
1.33014,
-18.458094,
-4.8288856,
-2.4353592,
-0.54861367,
1.4890344,
4.927758,
-0.058497384,
-7.401876,
-0.0020841605,
16.743927,
-3.737403,
-0.5188969,
-0.03413633,
-1.1744009,
7.7721725,
-5.847184,
-0.025190046,
11.678104,
-0.093024306,
-44.239395,
-3.7905471,
-0.858618,
0.007065335,
-1.8467116,
2.6521213,
17.845152,
0.04925049,
-23.572573,
0.08485171,
-0.025792906,
0.08470676,
-0.0032062042,
0.053402223,
-0.0005592574,
-0.026047558,
-0.0415319,
0.037598014,
0.021029215,
-0.031895686,
-0.08009667,
-0.026540464,
0.058829874,
0.049159203,
0.083715536,
-0.04388116,
0.033041332,
0.019089414,
0.06402446,
0.06071395,
-0.07375585,
0.035569627,
-1.1372219,
2.0902984,
0.019028427,
-1.3074708,
0.0066012978,
-0.027839866,
-0.043946497,
-0.021440266,
0.04136501,
16.945852,
5.257049,
6.3540072,
-0.12572469,
-7.9943295,
-4.0531607,
-0.08649309,
9.780834,
0.029609343,
-8.732789,
-7.218095,
-21.125021,
-7.07332,
-37.826397,
-13.220095,
-28.062943,
54.104748,
-10.2222185,
-0.29831812,
1.4002683,
30.265875,
4.223142,
7.897576,
16.014025,
-58.087547,
22.04886,
15.382173,
-55.530693,
-1.1489584,
-21.567621,
-36.851086,
1.9697527,
3.1117995,
10.341782,
-0.8549702,
6.134932,
-9.659439,
1.5683674,
-1.6724143,
-4.9297585,
-3.147655,
5.0434675,
1.3606328,
-11.4987,
1.2355168,
-2.4617674,
-54.41089,
-2.185746,
-0.8059445,
2.7446108,
-13.913971,
-0.6380306,
-1.3839288,
10.588419,
0.232281,
-3.258595,
-18.71761,
0.98068434,
-8.941853,
-2.4129531,
5.5776577,
-1.0282013,
0.31296948,
-2.2887542,
-3.359945,
-0.03816414,
-0.4343674,
-1.6265373,
-11.194212,
3.6767068,
3.1974108,
1.0359622,
-0.05734707,
-2.5501816,
0.08372513,
0.51977557,
1.2460965,
0.6871556,
-10.349735,
-4.745507,
3.3688016,
2.1280272,
2.4292638,
2.0342166,
1.095432,
-0.36783463,
-63.533215,
1.529998,
-67.2673,
3.6382105,
-0.8970157,
-0.2569505,
0.009024919,
-0.713213,
0.029316384,
0.2423219,
-1.6090599,
-0.47813675,
-0.8867872,
-3.1139927,
-0.059487995,
1.236194,
1.1613526,
-0.6368628,
0.82545865,
-0.95301855,
0.41902044,
1.6687033,
-3.1866286,
0.64298713,
-0.079528995,
-0.6209749,
-0.10325222,
0.6707143,
-1.217712,
-0.9696352,
-2.0072756,
-1.4013419,
-1.7391133,
-1.6204547,
-0.004005714,
0.52610594,
-0.59737194,
-2.0886188,
-0.8927188,
-0.2540972,
-3.8381476,
0.47304386,
-2.1396918,
0.38694733,
-0.61054885,
-0.17122208,
0.40709484,
-2.6106017,
0.65281063,
-0.7560498,
-1.0226865,
-0.1257432,
-2.1915617,
-0.11869189,
0.37595573,
0.6013963,
0.61598253,
2.1979837,
-0.42742285,
0.19767189,
1.6336762,
0.7374396,
0.66578346,
0.11509456,
0.47523928,
0.57503617,
0.48854324,
-1.4122851,
1.1358808,
0.7141625,
-78.65121,
0.6629906,
-3.5263948,
-1.0192623,
-0.9737929,
0.44696835,
0.7993222,
0.064025246,
0.5695837,
-1.2644033,
-19.94597,
0.48858473,
3.3188567,
0.16640358,
0.9084028,
-0.71236384,
-0.251888,
0.14708932,
-0.32466036,
-0.7411384,
-15.79306,
-0.50028634,
-146.05414,
1.396779,
-1.4458889,
0.34684846,
-0.85545903,
1.8788366,
-1.1131917,
-1.0583159,
-46.795822,
0.3119239,
-5.7074394,
-4.895171,
-0.18705109,
-1.1083299,
-1.7405517,
1.3262445,
0.5122896,
0.46209523,
11.091245,
-0.3793002,
-18.533535,
3.2836425,
-3.1299856,
-3.8063726,
1.7901338,
2.8464131,
-0.24818419,
-0.95980245,
-12.450979,
-0.27658802,
-11.422187,
-4.6457853,
-0.41161835,
-3.185028,
-10.654571,
-2.830667,
-1.2703573,
0.8596344,
-2.7401538,
-0.7704045,
-3.8942885,
0.2210705,
-5.8118987,
-10.728835,
-11.710404,
7.7961555,
2.0666478,
-4.533568,
-0.29889372,
0.95928,
-0.5308024,
7.3255596,
-61.243244,
1.2310395,
-0.4308045,
-16.487505,
-3.1790469,
-3.4989152,
-0.16219717,
-3.315664,
-0.21049806,
-34.768406,
-6.8642488,
-6.9099774,
-0.09651416,
18.097696,
9.296252,
-21.938044,
-0.038910113,
5.9928737,
-0.15115894,
-0.03994058,
-4.561962,
-6.0006795,
0.011942798,
-51.46393,
-39.42059,
53.354332,
0.08325063,
-11.237467,
-0.0011832602,
-0.06609656,
-0.05696265,
0.0508696,
-0.016511647,
-0.04248181,
0.048864543,
0.06966764,
-0.038208436,
-0.06557316,
-0.067044675,
0.012701814,
-0.026608152,
0.029971713,
-0.038628865,
-0.03515327,
-0.065256156,
0.049117114,
0.04338764,
0.023165714,
0.06012648,
-6.5723047,
9.407542,
13.534749,
-5.845549,
-15.4008045,
-4.636753,
13.175763,
-0.23757829,
-4.489572,
-0.08745935,
-6.6952605,
24.793066,
0.21777986,
1.165656,
17.711569,
-27.428066,
-19.651096,
-26.57002,
-14.84073,
-20.573202,
17.193535,
3.8017845,
9.086434,
7.025565,
-6.6183124,
-6.185877,
-0.5222219,
-9.502808,
-2.8536725,
-1.7884686,
-17.409016,
11.767379,
-3.944973,
-1.7144915,
-2.3285582,
-1.4190937,
-8.219075,
10.8491,
-6.703829,
-7.075545,
10.417814,
2.858441,
-1.8156506,
-1.4337369,
0.48819897,
-2.872137,
1.5962174,
-1.712126,
-0.4203713,
-9.408019,
-3.0833743,
1.3525634,
0.8816736,
1.9839737,
1.5729682,
1.0345854,
-1.1442817,
1.3482877,
1.4236418,
-0.5934132,
0.35722387,
-9.25016,
-0.31090862,
-0.7976413,
-1.6948171,
-1.1390817,
-1.7122124,
-1.1731226,
-1.6208578,
-0.47929543,
0.8218962,
-2.0755703,
-1.425253,
0.022758702,
1.6108084,
-0.4522013,
-0.58460873,
2.6725888,
0.20372759,
-0.84160954,
2.1729498,
-1.290944,
1.4562464,
0.25861868,
-0.5518736,
0.863861,
2.5179565,
-0.24292995,
-0.08493395,
-1.7762123,
1.0842378,
-0.36529464,
0.91152203,
1.5102957,
1.4202173,
1.5763756,
-1.1260585,
0.2508553,
1.8686515,
3.0796282,
-0.49918768,
-2.3332264,
0.004369949,
-0.4223191,
1.2163502,
-1.336215,
-0.65231925,
1.1162155,
-0.22826226,
-0.17822312,
0.6521003,
-0.37575507,
-0.08036834,
-0.061769754,
-2.130019,
0.25395194,
-1.0571429,
-0.34393156,
0.025586441,
-0.18377377,
-0.23302847,
-1.4392849,
-0.2601882,
0.08014435,
0.6815437,
-0.17806925,
-0.5608288,
-0.31659967,
0.31056735,
-0.46479064,
-0.69835687,
0.4448576,
-0.4533452,
-0.084629744,
-0.123254664,
-0.8338864,
-0.81883353,
-2.2047262,
-0.39352903,
0.28236955,
1.0027213,
-0.5383944,
0.96426,
0.19281588,
-0.48924518,
-0.06475756,
-0.23420544,
1.3537705,
0.002572033,
-1.4147757,
-0.30681318,
-2.7997494,
-0.7876896,
-0.54963636,
-0.6636819,
-0.35796362,
-1.0331508,
-3.915774,
-0.08777236,
-1.0801576,
0.58210063,
0.5455659,
0.3732776,
-0.5067219,
-0.21074031,
0.29168263,
1.0383358,
0.4008209,
-0.3454893,
-0.33910462,
1.2908863,
-1.7113149,
-0.61277914,
0.7232816,
0.8421006,
-0.66257954,
0.93813336,
-1.671738,
-0.02627879,
-0.197154,
-0.14522281,
1.038222,
1.3923283,
1.2265774,
0.29871628,
2.1964269,
1.2385027,
-0.009819305,
1.5073472,
0.757964,
-0.3582082,
0.6796037,
0.30819502,
-0.8745951,
-0.42767254,
-0.32740042,
1.2684354,
-4.565541,
-0.38529715,
-1.8323739,
1.7627168,
2.2186484,
1.0824744,
0.46225572,
0.3747242,
0.7842749,
-1.7827761,
0.6011145,
0.8448677,
1.15557,
-2.3327417,
-2.9084291,
0.7889587,
-0.8076141,
-1.4725267,
-1.7528099,
-0.8561795,
-65.14819,
-3.430639,
-18.53612,
0.54828185,
5.536981,
-1.2422415,
-16.435968,
2.547484,
0.99774045,
3.0573697,
-12.587609,
2.021199,
-19.55035,
-2.8855717,
-1.3542976,
13.346185,
-3.3484595,
3.252302,
3.7329252,
2.7415674,
-10.442606,
3.4840405,
-17.53563,
-6.62153,
0.36738858,
-12.950209,
-1.7803982,
-3.41168,
2.1838517,
2.126925,
-0.3080019,
1.8685801,
-0.46494603,
-1.5196818,
-5.666207,
-6.8478174,
-0.02109728,
-3.47539,
8.32947,
-11.304604,
-0.04529601,
2.6994717,
-0.08823088,
0.07850544,
0.006720063,
-0.051191095,
-0.024601357,
0.06593346,
0.079885006,
-0.056335185,
-0.059913788,
-0.046029996,
0.05633648,
0.041711885,
0.036940835,
-0.97408545,
3.8623235,
0.057263426,
-0.45161894,
-0.050725482,
-2.5720115,
-0.70243436,
-2.0151906,
-20.359982,
-8.127744,
-3.255621,
9.517656,
-3.6711504,
5.18821,
12.233916,
6.987887,
-21.204659,
-3.1889524,
-12.583883,
-7.8999257,
-0.4308799,
2.9116492,
-1.6877184,
-38.56958,
-9.440494,
7.126897,
-53.673283,
-23.191238,
-1.6847323,
14.7217455,
1.2064115,
1.2277058,
4.072118,
3.7011147,
4.261878,
0.61342585,
0.24734952,
6.5941715,
-0.4479738,
-7.619232,
3.1579235,
2.6302657,
4.452499,
3.8803902,
5.6797056,
3.8463154,
2.586907,
-8.128864,
-2.7181275,
1.6406698,
-1.0390867,
-0.48227245,
-5.0464506,
-2.1354651,
-6.5488415,
-1.0992544,
-1.7915862,
-1.1342165,
-2.7152264,
-7.6598177,
0.6430557,
-0.25595665,
-1.0062425,
0.96613085,
2.9861515,
-2.095497,
0.7627448,
-2.3257656,
0.77715784,
1.2171302,
-0.77847695,
-0.651071,
0.016199436,
-1.3958783,
-0.9528233,
1.8751985,
-0.74869984,
-0.11474949,
-3.7260773,
-0.15464275,
0.5065373,
0.55015785,
0.44564873,
0.31576583,
-0.45994955,
-0.03722274,
-0.028166115,
0.90851325,
-1.066818,
-1.7341415,
-0.5624671,
-0.2642962,
-1.7729586,
-1.3217828,
-2.3873115,
-1.053795,
-0.78790283,
-1.5704801,
-0.126741,
1.7912099,
0.55978304,
1.0639099,
-0.07994619,
0.6930987,
1.8028499,
1.9741305,
0.4590643,
1.1538265,
-0.88723236,
-1.0162258,
0.00919481,
-0.29561937,
-0.718266,
0.1341666,
-0.79386634,
0.14831771,
0.5989383,
0.13813537,
1.5236933,
-0.41276374,
0.47299296,
0.8218013,
-0.91927516,
-0.29294014,
-0.19690165,
-0.2058679,
-0.11170093,
0.20021981,
1.4698904,
0.2709813,
0.46353522,
0.18033531,
0.10034988,
0.5661354,
-0.61350465,
0.7814793,
0.6449865,
1.2785496,
-1.5764812,
-2.5467093,
-0.65562713,
-0.3683699,
-2.4150248,
-0.38324457,
-0.14825,
-1.4792465,
-0.23380001,
-1.3373014,
1.0434922,
-0.3226002,
0.6762201,
0.4753973,
-0.22421941,
-0.2546795,
-0.7342408,
0.20555164,
0.07076206,
1.0141563,
-1.5789921,
-1.1633863,
-0.8177232,
-0.4009379,
-0.15831298,
0.30931544,
-0.13515201,
1.0070522,
0.4518501,
0.90899324,
0.31412795,
0.28381217,
-0.25669336,
0.8355056,
-1.1760099,
-0.3836445,
-1.3738259,
-0.31354433,
-0.44180652,
-0.005734267,
-1.401724,
-1.2560682,
-0.54217017,
-0.88694483,
-0.46025237,
1.2106332,
-0.92916787,
-0.4447648,
0.4231045,
0.19284792,
0.25419647,
0.1531419,
-0.64731795,
-0.57065666,
-2.3049316,
-0.5623931,
-1.0526145,
-1.5296942,
-0.38222516,
-1.4119585,
0.5025693,
-1.5286518,
-1.5300288,
0.24498959,
0.32937753,
-0.1795433,
-1.1813537,
1.3742428,
-0.08323246,
0.9140332,
2.158187,
-1.09233,
-1.7207125,
-0.7173205,
-1.1616008,
-0.06408625,
0.55288446,
-0.16977556,
-0.6031662,
-0.79431415,
-2.7496483,
2.305797,
0.119429834,
0.049451206,
-0.9055476,
-0.3975119,
1.7263684,
-4.1884136,
0.56352067,
-2.28156,
-0.16519679,
0.88744944,
-6.040784,
1.1404301,
1.4258276,
3.28964,
-0.71786165,
1.4846303,
1.141157,
-3.593883,
-10.548942,
-31.046907,
-3.895831,
-17.906828,
1.7531681,
2.5618455,
3.5669014,
-3.7048137,
2.917362,
9.753486,
-5.840634,
-1.9969375,
6.618232,
-3.7003582,
3.0728226,
0.9420368,
-1.6375252,
-12.451139,
1.0011669,
-15.570135,
3.319432,
-0.23506548,
-0.16920047,
-0.07296345,
-45.69847,
-4.555101,
8.708211,
-0.4355772,
-3.2989028,
-0.21125208,
-0.085934445,
-0.08737838,
-0.08204371,
-8.542036,
0.021200791,
0.07032733,
-0.013815848,
8.573174,
0.05231733,
-0.033731606,
-2.323979,
-14.323771,
-3.7699704,
40.16905,
-5.355182,
-4.487793,
-0.039654974,
20.452967,
-3.8675709,
-7.2378983,
-6.5779448,
9.566786,
13.453186,
1.4734194,
-82.30016,
20.398972,
-1.075544,
1.7928498,
-7.2828465,
-5.9833517,
-9.209385,
-38.814568,
5.062585,
1.5132767,
1.4829028,
-10.080112,
-1.0153881,
4.396538,
-11.999331,
11.919338,
8.247442,
30.103355,
-0.79677725,
0.24668144,
-2.977939,
-8.347487,
8.377172,
2.0766706,
-0.73289436,
-7.5675845,
2.7445292,
-14.7256975,
1.3139979,
2.1146216,
1.0012511,
1.7630956,
-1.5456622,
-1.0871474,
1.9807267,
-3.9355354,
1.9206818,
-53.103672,
-0.6024606,
-0.20055865,
1.2436259,
-1.4336436,
-1.0800772,
2.2437065,
-1.4435285,
0.09790294,
3.1516588,
6.661286,
-0.8689431,
-0.51930404,
1.184026,
-1.1578842,
2.5327957,
1.8502454,
-1.3743316,
0.3247724,
-2.5430908,
-3.4087174,
1.1881568,
0.5220019,
-1.2482104,
1.0607839,
-1.5707904,
-2.1994216,
0.82566434,
-1.124127,
2.7866218,
-1.6106066,
-0.46431905,
0.25090745,
0.16116077,
0.048727375,
-0.17328648,
1.093407,
-0.14747736,
-0.13196805,
0.8244934,
0.34772554,
0.46153662,
0.49272138,
0.19059038,
1.16904,
0.2674819,
1.010176,
0.6704037,
0.6546479,
2.5978281,
-0.46391156,
0.6389497,
-0.33915645,
0.34743118,
-0.0017527965,
-0.39098102,
-0.11151545,
-0.36103192,
0.035154156,
-2.600311,
1.4726101,
-0.3907312,
0.8201084,
-1.4769244,
0.4363395,
-0.31389716,
0.09958011,
-0.11262582,
0.28430492,
1.4986877,
-0.53351384,
0.6313069,
-0.033467107,
1.1668472,
0.23502192,
-0.093029685,
2.2625117,
0.5699878,
2.145225,
-0.73701334,
-0.748932,
-0.3666132,
0.6238865,
-1.7039683,
-0.067863815,
-0.20934436,
-1.4664344,
-1.2084924,
-0.71971,
0.51412916,
0.29562265,
0.41594413,
0.26990202,
0.37720257,
-0.20430441,
0.52394456,
1.3040042,
1.1912532,
1.7242653,
-0.3151253,
0.26129052,
0.74287,
0.5848634,
-0.2784103,
0.87503743,
-0.8199382,
1.1191276,
0.34224007,
0.9648597,
1.6258776,
-1.4020009,
-1.0749431,
0.12418466,
-0.4497323,
-0.6023176,
-0.4322525,
-0.27088338,
-0.7925758,
-0.33090183,
1.8376395,
0.5954507,
1.6118386,
0.29973328,
0.27449322,
1.544192,
0.46950394,
1.6158621,
1.2751323,
1.241328,
1.0905079,
-0.5955599,
-1.0859102,
0.05656675,
-0.2904634,
-1.1157136,
-0.37906146,
-0.5928115,
-0.44126087,
-0.7765684,
-1.0609447,
1.2155421,
-0.30771536,
0.62046844,
1.2112427,
0.97587377,
-0.3298507,
1.980194,
0.26070344,
1.7680585,
-0.119930565,
0.16498001,
0.9521747,
-0.9174846,
-0.307844,
-0.15455031,
0.37055504,
0.07479362,
0.3587197,
-0.59136844,
-0.04227346,
1.1063745,
4.0746245,
2.0469413,
2.702923,
3.1895676,
-0.42375222,
1.0088437,
2.0145817,
1.0743161,
0.29555964,
-1.8833474,
-3.2911036,
1.0304515,
2.124258,
1.4243618,
-0.403143,
1.1444257,
0.9599119,
1.7235804,
-1.9755822,
-2.2428217,
-1.4464304,
-4.5782385,
-1.7800859,
-1.8063112,
1.0926915,
-1.2829998,
-2.1514246,
-2.7612264,
3.0415971,
-6.834054,
-16.187996,
-20.206827,
-4.1001844,
0.59960675,
-5.3475003,
-1.729624,
-1.5584227,
-6.4229193,
-21.657824,
11.322038,
0.81707424,
-3.822741,
7.021232,
4.4805818,
-0.8070633,
-0.9809777,
4.2926373,
-7.311547,
10.246933,
-1.5219296,
-0.20458566,
-0.28474635,
-49.64526,
4.448863,
2.9105916,
-0.6314231,
-3.1556787,
-0.42836058,
49.845306,
0.042723484,
-5.631683,
-21.045998,
-25.82243,
0.07737722,
-0.12131603,
-37.176872,
-0.10535688,
-35.625526,
-0.20081906,
-14.0589285,
40.968136,
7.808724,
-14.711285,
-0.6498651,
0.06893429,
27.553005,
-5.8836513,
-8.5024805,
10.173321,
-5.6868534,
-8.219821,
-1.0364517,
13.214392,
-13.437238,
-5.1013336,
3.4537292,
-10.912609,
-22.913206,
10.896223,
5.542661,
3.5657487,
4.5976624,
8.966168,
-17.292831,
-40.706715,
4.913795,
7.096031,
-5.8095407,
-18.298658,
-6.7791133,
1.693723,
-0.3119804,
3.5521264,
-3.397542,
-8.84194,
-1.331992,
1.3318118,
0.17144491,
-4.449143,
-28.49752,
-0.57422096,
-0.7590337,
0.9492706,
0.8897816,
-5.5573363,
1.1711308,
-0.13950926,
2.842577,
3.1611042,
4.955479,
2.7558012,
1.5752133,
0.92909706,
0.8318817,
2.0044754,
0.05278507,
2.6682549,
1.0715101,
-1.2399448,
0.544438,
-0.35951066,
0.7923533,
-0.49899673,
0.97711354,
-1.7492235,
1.1081028,
0.49358922,
-1.3134843,
0.014869633,
-4.324381,
0.18395406,
-0.47569296,
-0.3086446,
-0.23647508,
-1.5016984,
1.4718218,
-0.37446174,
1.1581125,
-0.9713047,
2.8116965,
0.65515167,
0.09163207,
1.8759484,
0.7736598,
1.2566154,
1.5082219,
0.86466306,
1.1526542,
0.34260774,
0.6899614,
1.7788998,
1.4834119,
-0.16535681,
0.9701895,
0.5975364,
0.88867784,
1.4127387,
0.51661754,
-1.5969756,
-1.3297963,
0.050955843,
0.21735767,
1.4356179,
0.481298,
0.10966117,
1.368858,
0.059705745,
0.6231074,
2.8981707,
1.0529381,
0.34582797,
0.7092496,
-0.2892583,
0.5274626,
0.035038363,
1.1644733,
0.90629935,
-0.29956672,
-1.5668787,
0.11959198,
0.43454024,
0.4769228,
-0.49775904,
0.13020438,
0.5112008,
-1.0811094,
0.7692266,
0.2366856,
1.3949515,
-0.12911946,
0.035610393,
0.114975415,
-0.6895835,
-0.30071753,
-1.5757632,
0.8960208,
-0.30270314,
0.5580049,
-0.8047957,
-1.118244,
-1.0296303,
-0.5294238,
-0.5489246,
-0.92038226,
-1.710602,
0.0067186193,
-0.99548227,
-0.25191548,
2.13778,
-1.7959642,
-0.40623713,
0.24503991,
-1.1459938,
-0.20382364,
-0.06744987,
-0.050733626,
0.3318824,
0.060752753,
0.08005711,
1.2136484,
0.3068873,
-0.49265477,
-0.38100713,
-0.0019021839,
0.11717382,
-0.33671972,
-0.00082453253,
-0.14487274,
0.9456373,
-0.6877393,
-0.7544559,
1.7010112,
1.2103711,
0.6312066,
-0.7883126,
1.9348416,
0.670394,
1.1302706,
-1.9553038,
1.249381,
0.6561656,
-0.6039797,
-1.1384544,
0.36558887,
-1.2303644,
-0.43281654,
0.10750861,
-0.115004875,
1.3151147,
-1.2224975,
1.3404673,
-0.17819834,
-0.64022887,
0.752055,
-1.4775692,
-0.09250612,
0.14947055,
-0.9350869,
2.6816251,
0.26006785,
-0.91910225,
1.057032,
2.2893744,
1.0329417,
1.4138076,
1.0799395,
0.7037643,
2.4372962,
-0.32249996,
-0.9776407,
-0.9793333,
-0.498813,
-3.1037824,
-1.4414364,
0.37853068,
-0.5619592,
-0.3659255,
-1.9575163,
0.4837285,
-1.4924129,
0.17582703,
-2.929686,
-1.1394083,
0.7134631,
-2.1303596,
0.41942662,
-0.8211399,
-0.80743563,
-0.40087292,
-9.916956,
-13.779285,
-0.96456045,
-0.7973566,
1.8258656,
0.028707081,
-4.0132527,
1.71543,
-1.7855424,
-6.573334,
-35.303844,
10.138397,
-44.538605,
4.2621875,
0.5251128,
0.43126035,
-5.9292407,
-0.23201856,
-0.7624614,
-22.096937,
-5.795128,
-6.2600675,
-0.43311176,
-0.13919084,
6.137028,
3.441942,
-2.4109428,
4.7416344,
-6.363192,
-1.5613635,
-0.6515353,
-0.096581705,
-0.04523715,
-7.6599483,
-2.4222417,
-13.93896,
-1.8332628,
5.116854,
-0.27093318,
0.029511869,
-0.025334148,
-0.048188664,
-6.3854694,
-0.6756154,
0.031501558,
-0.019395873,
7.817111,
4.5527675e-05,
-0.8073215,
-0.11071955,
-14.3246565,
-4.2537556,
11.232336,
-7.1304007,
-0.46358365,
-0.018690031,
13.968075,
-3.073527,
-6.4720516,
-3.111792,
-12.556744,
-6.934533,
6.9243283,
9.877702,
-21.010336,
-1.5735999,
3.1038082,
-11.6578865,
8.536249,
4.1266603,
7.4219337,
-2.7757714,
-4.1531672,
-9.715637,
-32.106094,
-0.8338084,
-4.6629534,
-1.8345085,
0.5149566,
4.776258,
-18.529951,
-3.9837708,
0.73666996,
-5.2340345,
-2.9655614,
10.480848,
-0.020566558,
-4.875401,
-3.6563745,
-1.9024447,
8.581517,
3.250871,
0.09943432,
1.2089275,
-3.031669,
-1.6510762,
1.7596422,
0.08539553,
0.004152978,
-2.7936525,
6.837816,
-2.3205485,
0.3979381,
1.0156796,
1.4775318,
-4.192362,
0.7998032,
0.16089158,
0.7235596,
0.46420538,
2.0863092,
1.3724387,
0.671925,
2.1915092,
-0.6315284,
3.5864758,
1.3611699,
0.4791454,
2.137109,
2.0910459,
-1.4195232,
-0.6457214,
-0.19666462,
-0.45859724,
-0.74815696,
-0.23896363,
-0.52674425,
0.30518657,
-0.5081092,
0.29355898,
-1.6960235,
-0.48754168,
-0.047029756,
-1.7120343,
-1.0709946,
-2.0281093,
-1.4115149,
-0.81802917,
-1.61883,
1.9935668,
-1.2203883,
-0.9639758,
-1.3785428,
-1.4038966,
-0.9924281,
-1.3530402,
-0.87264335,
-1.2375518,
-0.37545443,
-0.8541955,
-0.6337445,
0.34497917,
-1.2324418,
-0.42631713,
0.37433657,
-0.2516292,
-0.36681706,
0.20124033,
-0.18259601,
-1.5003371,
-0.61098766,
-0.20734712,
-0.46549773,
0.33034977,
-0.1885644,
-0.60704136,
2.0095923,
-0.7788428,
0.67250717,
2.7321827,
0.4437704,
-0.07276088,
-0.53485495,
-0.13617651,
0.16732547,
-0.39571473,
-0.42357075,
0.10937495,
0.0554613,
1.7527578,
1.7916715,
1.5247576,
1.3464873,
-0.036747858,
0.6704257,
1.1845087,
2.2310503,
0.8274693,
0.89993995,
-2.5354726,
0.4006782,
0.25499752,
0.1324286,
-1.1170365,
-1.3848628,
-0.773818,
-0.27662495,
-1.0507343,
0.16571732,
-0.38199902,
1.2129351,
0.69968426,
0.37169412,
0.4569933,
-0.40626925,
-1.8615258,
0.17159016,
-0.16860479,
-0.3435203,
-0.515694,
-1.2836444,
-0.53350616,
0.21970345,
-0.41895717,
-0.69353527,
-1.6940467,
1.5729018,
0.100675926,
0.4838745,
1.3519744,
0.82674325,
1.0391116,
-0.413666,
-0.4212151,
-0.3485827,
-1.8390559,
-0.21480054,
-0.37220174,
-0.3562544,
0.576177,
-3.3023398,
-0.6776576,
0.043937437,
-0.6315908,
-1.0145739,
-0.37552735,
0.11268717,
-0.5698094,
-0.90066254,
1.0396993,
0.9664171,
-0.7517638,
0.690884,
0.37795553,
-0.20540006,
-0.95518106,
0.06548411,
-0.0046686544,
0.5555961,
-1.8323661,
0.072375864,
0.081490986,
-0.15935907,
-1.1893923,
1.5770334,
-0.13014531,
-0.8113245,
0.23845765,
-2.0442367,
-2.9567275,
1.1567739,
-0.05197657,
0.35082254,
0.58743334,
0.6685921,
-2.4883373,
-0.071999565,
-0.13647266,
0.45082712,
1.9169266,
0.22804463,
2.5785332,
1.7747223,
0.85840505,
0.6214632,
-3.1068575,
-0.088987075,
1.335696,
-0.4683483,
1.6291815,
14.138113,
-0.0663741,
-12.847007,
-1.7405038,
4.9871902,
-1.9823471,
4.6416707,
0.13685894,
0.62950367,
0.5609892,
-51.799454,
-21.30778,
22.315172,
-4.180632,
1.657098,
0.33017886,
4.1597533,
2.5647244,
-3.7002962,
-18.520758,
-4.8815846,
-33.244926,
-7.6076617,
10.33575,
2.1489599,
-7.3103676,
-25.377092,
2.3066447,
-5.422799,
-0.4630083,
-0.37635666,
-0.114800416,
-3.2412822,
-11.88516,
-7.509477,
-0.8386416,
-0.5388287,
-11.990366,
-4.4604506,
0.000395963,
-0.007866849,
-0.07124111,
-0.25612465,
-0.65095145,
-0.0023640944,
-0.024835937,
1.824214,
-0.00767069,
-0.76942414,
-0.16949503,
28.453875,
-4.7808895,
16.193062,
-1.9105641,
-0.35467318,
0.053843852,
20.132936,
-3.2175107,
-3.3327477,
-0.8523055,
-10.151703,
19.985031,
-4.942858,
5.154182,
-4.6334496,
-1.8102764,
3.7325425,
-5.2728105,
-12.308661,
0.07097921,
-21.743923,
7.346319,
2.3569055,
-1.522867,
-65.10012,
9.096831,
3.1086261,
-3.8095338,
-1.2007384,
1.0858794,
-2.978212,
-2.127196,
0.31753957,
0.051300865,
3.4482632,
-5.377626,
1.0298557,
3.9576411,
0.4027138,
2.9054503,
-7.7799296,
2.2026603,
-0.55355537,
-1.9569297,
-0.036398448,
-1.4782553,
-0.88101274,
-1.0226971,
-1.0554045,
-0.63528866,
-14.924464,
1.7735995,
1.7930708,
-2.313762,
-0.79903656,
0.19984995,
1.2601358,
0.5961648,
1.1516135,
-2.4953387,
-6.2839193,
0.86501694,
0.1262876,
-0.4680873,
1.6080805,
-1.8500137,
-0.3081297,
0.5209985,
-1.229874,
-3.158035,
5.136573,
-0.5210884,
0.16614373,
0.5114111,
1.6540968,
0.1316242,
0.3564301,
0.05626699,
0.4439178,
-1.2607195,
-3.8943822,
-0.03304669,
-1.8460742,
1.175812,
0.5722531,
-0.7280522,
1.3551537,
0.21943972,
0.9284347,
-1.1703731,
1.7263513,
0.88246745,
-0.017767927,
-0.15661946,
0.92823166,
0.37729242,
-0.28593224,
1.221863,
-0.04372926,
1.2356335,
0.72247046,
-1.8421814,
-0.78764695,
-0.81044835,
-0.14321527,
-0.57004136,
-0.88015985,
-0.48290855,
-0.6318085,
-0.7032878,
-0.14096242,
-0.6515106,
-1.2531874,
-0.23337527,
0.24694268,
-0.75595486,
-1.354548,
0.45374563,
-0.4529752,
-1.6587843,
-0.76463443,
-2.042267,
-0.37267572,
-1.3792802,
-0.6075813,
-0.7085466,
0.47571826,
-0.6334251,
-0.9613377,
-0.053165812,
1.7620881,
0.0064416816,
0.2722119,
-0.45763415,
0.19575533,
-1.0936209,
0.81376964,
0.111949176,
0.5831498,
1.2329779,
0.7425518,
-1.7851075,
-0.83218706,
-0.36415336,
-0.4652994,
-1.4260025,
0.18590166,
-0.992291,
-0.8427302,
1.326159,
-0.18131822,
-0.44816053,
0.27594814,
-1.4446517,
-0.98205775,
-0.44635686,
0.72519875,
-0.65683633,
-0.26513264,
0.6025098,
0.23189838,
0.31484354,
-0.32229918,
-0.1611592,
-0.771769,
-0.66280246,
-0.8053157,
-0.87311506,
-1.1650664,
2.2632358,
-0.1976478,
-0.09750082,
0.5421452,
0.65847236,
-0.6868827,
0.6587515,
0.60309345,
1.0702903,
0.66417533,
-1.5721158,
-0.4573396,
-1.0361199,
-0.014236506,
-0.25602654,
-1.4250989,
-1.9930415,
-0.39703846,
0.19871894,
-0.07942702,
0.079527795,
-1.608565,
-0.24080423,
-0.023547832,
-0.05223118,
-0.7479117,
0.71839577,
0.77125716,
0.31883955,
0.03143021,
-0.22730403,
2.2008326,
1.205016,
0.41993552,
0.67332983,
2.0294385,
-1.9223621,
1.2349352,
0.8310248,
0.92362577,
4.173755,
0.4868073,
-1.7075372,
0.15009218,
1.383265,
3.4561436,
0.3809879,
1.3911563,
0.95094895,
1.1452851,
0.13674949,
-5.456966,
-1.7099808,
0.050265346,
-2.2650762,
0.4067488,
2.42626,
-0.44518024,
0.22710246,
-0.47366902,
-2.2459607,
-89.967094,
-3.2913697,
-84.60234,
1.4960374,
7.03098,
-3.852965,
-3.5949466,
0.5469717,
-1.0800416,
2.1616375,
-7.3641605,
-14.802175,
-11.089097,
2.6398983,
1.1569773,
3.5052485,
0.07994572,
0.068533696,
2.7293603,
-11.488298,
0.43551245,
29.290342,
-5.751811,
-24.22804,
7.1727233,
-13.435494,
-6.996731,
0.6310629,
-10.251333,
-0.092661016,
22.703396,
-0.2656884,
-0.8492563,
-6.4840374,
0.87391055,
-11.040625,
-0.06886969,
10.775991,
-4.9989347,
-0.015117088,
-0.070213646,
-0.05609763,
-2.172084,
-0.27820855,
-0.0017448298,
0.06474258,
3.4557357,
-0.066271,
-0.41864982,
57.362873,
5.658537,
-7.3174887,
-0.47021532,
-45.71943,
-0.44863105,
0.027482783,
-10.80442,
-2.283691,
-46.213245,
-0.056741003,
6.324427,
-32.55259,
3.8805003,
-0.57619894,
-0.24646437,
-0.95234644,
9.861833,
-10.126927,
1.6665677,
-47.556843,
-8.308509,
-4.241569,
2.5945728,
4.895081,
-25.85884,
-16.3238,
-2.6062965,
-3.3604023,
1.8192414,
-0.49719813,
6.3067226,
-2.2750099,
1.1049706,
-1.6042564,
1.5676211,
-5.252295,
1.0703095,
0.42395294,
-1.617873,
-3.3573105,
8.077461,
-0.5140869,
0.48116618,
1.6652644,
0.09508329,
4.4279776,
0.53124404,
0.4202045,
0.7294619,
3.168176,
-6.041948,
5.0563293,
-0.0130069265,
-0.0071248873,
1.1268392,
-0.5829844,
-0.560428,
1.3585958,
-0.50920045,
1.585354,
1.0107138,
-0.6088933,
-1.7215934,
-0.7214645,
-1.2014434,
0.24833047,
0.40369484,
0.19394867,
0.82965994,
1.1363239,
-1.9668913,
-1.7485789,
-0.6627676,
0.3704866,
-0.75141424,
0.12607518,
-0.5914064,
0.60384923,
1.016698,
-0.75845087,
-0.0090609435,
-1.6173041,
-0.40977195,
0.57947433,
-0.113725126,
-0.30334848,
-0.18349516,
0.38797373,
-0.08462043,
0.19543444,
-1.6937048,
-2.2265682,
-1.2111471,
1.099384,
-0.5034475,
-0.26955172,
1.3612049,
-0.42605346,
1.1239643,
-0.86758655,
-0.4117396,
-0.14977328,
-0.22440411,
0.33011642,
-0.42023033,
-1.1522819,
0.34554902,
0.24255067,
0.4655152,
-0.4299918,
-0.4979136,
-0.2063674,
0.5909267,
2.6189103,
0.9771567,
1.0256664,
1.4868548,
0.74559134,
1.9393177,
0.25658837,
0.5168297,
-1.3477938,
-0.030006621,
-3.0483148,
0.048484657,
-0.10153092,
-1.4567876,
-0.16656801,
-0.8823617,
-1.1538157,
0.65139997,
-1.0337269,
0.18990332,
-1.598699,
-0.02936865,
0.26288912,
0.9907158,
0.85665977,
-0.014198494,
-2.60589,
1.6173655,
-0.93277305,
-0.095352374,
0.8497457,
-0.9210844,
-1.4505453,
0.3608908,
-0.26034334,
0.3454078,
-2.2132277,
1.0736803,
-0.5438581,
-0.9506944,
0.950198,
-1.1384207,
-0.38363126,
0.679579,
-0.48908356,
0.4466024,
-0.10819645,
-2.310968,
-2.3805127,
-0.019540058,
-0.06442992,
-1.0823387,
-2.1314874,
0.1926753,
-1.129143,
0.59633476,
-1.8511732,
0.9656374,
1.0084352,
0.107973814,
0.31005323,
-0.22632588,
-1.1241196,
1.4743413,
-0.49031064,
0.72820574,
-0.3722864,
-2.1835954,
0.69715375,
-1.0327479,
-0.583971,
-1.9448695,
-0.22110711,
-0.2914659,
-1.1940507,
-0.9061877,
-0.15861717,
-2.9934843,
-0.9487601,
-0.1947335,
-0.82864636,
-5.3405004,
-0.88001686,
1.3690852,
-0.8635969,
1.0686607,
2.7609682,
-2.0824494,
-2.0235293,
-1.466059,
-3.8752484,
-8.754186,
0.8687782,
-3.048164,
-1.9296497,
-3.0385413,
-0.9248993,
-5.616156,
2.5927315,
1.1892743,
0.3130452,
-3.4544423,
-1.8455012,
2.3074784,
0.60884994,
2.1113086,
-0.43633163,
13.773936,
-0.31704932,
6.2414975,
-2.8318138,
8.556409,
-0.23584698,
-3.626062,
-0.5275767,
-2.4655588,
-1.9988612,
-22.567451,
-6.5494566,
-5.692367,
-6.4822803,
-2.5108452,
-2.6662667,
-0.13022195,
-0.43992156,
-2.9243774,
-4.1700583,
14.025394,
8.214025,
-0.5535757,
2.0072956,
13.322364,
-1.8287835,
-12.215562,
0.0038647864,
3.368694,
-7.2237,
4.5546937,
-83.87677,
-5.64448,
-5.419928,
-6.139113,
-1.4550074,
-9.487237,
3.9047751,
-0.6395655,
-0.20002341,
9.010203,
-19.435486,
-1.8308847,
-7.01955,
-3.0217688,
19.058847,
-0.09014045,
-20.94167,
-1.8047103,
0.042908464,
-0.015156174,
-0.003387494,
-2.1314898,
-0.10030095,
-0.104375,
0.011768641,
2.1991436,
-0.055740375,
-0.05783143,
8.367472,
-0.066153884,
-0.52780604,
-2.4916832,
9.191209,
-0.50886875,
-1.1215202,
57.324852,
-0.5008708,
-9.449337,
0.5262464,
-10.951955,
-19.1858,
2.9978545,
-3.9946663,
-30.436201,
-1.2442653,
-4.9729214,
-13.450639,
-3.349252,
-69.04356,
15.755256,
11.874894,
1.3281003,
2.142277,
16.394382,
-0.47007927,
2.6889489,
14.83177,
2.072003,
-6.2557697,
-7.9348817,
-8.87584,
0.44547257,
-3.091651,
-3.8548038,
-6.2784605,
-0.41187927,
-1.8937613,
0.08941404,
-2.145667,
7.6982756,
1.6752596,
-4.7265186,
-0.74883115,
-3.1050267,
-1.8950572,
-1.6593107,
-0.9916111,
-2.0451784,
-0.80496424,
4.103502,
-10.919682,
-3.208173,
0.843187,
0.46853498,
-0.59661496,
-1.3756629,
-2.5055976,
0.80811286,
-0.32530558,
3.6652248,
-8.997137,
-0.3542941,
0.9853681,
-0.19606982,
-1.4830815,
0.2488424,
-0.48649782,
-0.7384174,
-0.27446675,
-5.614948,
-0.436952,
-1.9777696,
-0.28555545,
0.0669098,
1.5969219,
0.641174,
-1.21447,
-0.4875143,
0.09645508,
3.1456332,
-1.9714781,
-0.49411997,
-0.2827675,
-0.59216833,
0.20315908,
-0.34202546,
-0.009169371,
0.3405628,
-1.1519258,
-1.6852568,
-0.5597796,
0.4749088,
0.4048939,
0.39029273,
-0.20751521,
-0.97992676,
-0.024759632,
-0.41293782,
1.1264764,
-0.050684422,
-1.1425476,
0.5836406,
1.1339839,
1.1405735,
2.195582,
0.89616835,
0.6286204,
1.2346048,
0.052730795,
0.12036947,
-0.83923453,
-0.07151272,
0.7260283,
-0.0324958,
-0.49422428,
-1.6480181,
0.11583096,
-1.5040233,
1.856347,
-0.013541408,
-1.5922654,
-0.23007584,
0.71938413,
0.13505158,
-0.5934027,
-2.6097288,
0.10798189,
-0.067510985,
-3.5600755,
1.1031297,
-1.6148359,
-0.30520692,
-1.6697962,
-1.1973276,
-0.7388123,
-0.7218739,
-0.29778734,
-0.74129075,
-0.6597396,
-0.11200075,
-0.9722732,
0.09203578,
-0.4174446,
0.049830697,
-1.0583936,
0.638077,
-0.1513669,
0.3830442,
-0.60466886,
-0.28461727,
-1.1432854,
-0.09294017,
0.3820328,
-0.6005664,
-0.4688769,
0.53815365,
-0.16899984,
0.40046635,
0.41982898,
0.43657276,
0.08304788,
-0.3158055,
-0.5638875,
-0.9587396,
0.5771063,
0.6109601,
0.3856438,
-0.061283734,
0.31258968,
-0.0039952253,
-1.5227526,
0.98100877,
0.65262437,
0.1980445,
0.33604965,
1.5155277,
0.43445426,
1.4766568,
-0.40456316,
-0.7691704,
-1.3950726,
-1.1903377,
-0.9836333,
-2.1070979,
-2.9913912,
-1.3440182,
-0.27926818,
-0.6266038,
0.16238865,
-1.2656733,
-0.48389864,
-0.59135014,
0.14764363,
0.6414841,
-0.36795542,
-1.0127919,
0.030267157,
-0.42985153,
-2.860962,
3.4508617,
-1.2815003,
-2.9029658,
1.6293325,
-1.597737,
-2.2506359,
-0.20407416,
0.26734287,
1.3037086,
0.5879656,
-8.625361,
-2.71956,
-4.078449,
-2.1725147,
-18.880487,
1.0592521,
-1.4980168,
-1.3643302,
-2.383784,
-0.779943,
-4.5457244,
-4.0087953,
-14.306225,
-1.1668355,
-19.819807,
-0.4962094,
1.1445386,
-0.9251193,
1.9373952,
2.3184292,
-0.1625443,
0.57591707,
9.022563,
3.5953476,
-16.85981,
2.2538831,
-7.229899,
3.0762072,
-1.0192918,
-1.5582049,
13.568801,
3.8379707,
15.929027,
-5.606269,
7.9763155,
1.9689286,
5.2527165,
-3.8558295,
-18.990665,
-21.134504,
-8.886375,
18.781971,
-4.9246225,
0.7879844,
24.596914,
-14.88488,
-1.9514478,
-0.32186988,
-52.49909,
-0.3147544,
1.2795401,
-26.536146,
-2.0657275,
-7.7345047,
-2.1621063,
-20.34699,
-0.15981247,
-2.4056273,
-0.46066797,
0.056878395,
3.2833738,
-0.4519814,
-0.79553926,
-0.040508315,
-0.00153059,
-0.07835756,
-0.9523803,
-0.5795767,
-0.97248596,
18.637178,
-0.023489876,
-0.14560162,
-1.8467151,
16.102776,
-0.71071744,
-2.6908803,
-6.368459,
-0.20852286,
-10.813739,
5.8381867,
-8.571117,
7.2495446,
-22.257849,
-4.9554787,
-26.654734,
-1.8991878,
-1.9895633,
-7.425465,
-3.5569346,
16.301804,
3.2046056,
7.538744,
9.41156,
-2.3453155,
2.3254817,
-0.92982644,
6.7678113,
-5.53117,
-1.262485,
7.380141,
3.4044352,
-4.668755,
-6.440825,
2.2113051,
-1.2139391,
0.44240332,
2.3091898,
-4.560467,
2.4915862,
0.85155344,
-23.916758,
-10.428585,
3.5230305,
-1.5556854,
3.1198027,
-1.1268414,
-1.4879464,
1.409624,
0.31778127,
0.75017196,
9.277642,
-4.3120966,
-0.5543774,
-0.7907296,
-2.29328,
1.4726906,
1.92924,
-0.1447336,
-0.3430141,
-1.0730543,
-5.2064214,
1.2862948,
-0.57571995,
0.81285536,
0.07496041,
-0.84325755,
0.5238663,
0.5885774,
1.4591584,
0.1335127,
3.6829867,
-2.7053537,
-0.98077893,
0.35009277,
-1.7812624,
-1.5242199,
-0.3426026,
0.35065478,
0.4433221,
-0.39715546,
-1.0527037,
0.79428804,
0.5719375,
1.7678154,
0.7768306,
0.32567522,
0.26424333,
0.604282,
0.5543543,
2.8181078,
-1.7672409,
-1.0507733,
-0.13038288,
0.8508476,
-0.019217268,
0.3836328,
0.20985055,
-0.54505616,
0.18109237,
0.6193784,
-0.73360157,
0.04770876,
-0.645944,
0.8468707,
0.17439692,
-1.2537669,
-0.16636336,
-0.044231627,
-0.11101459,
-2.088514,
0.1630942,
-0.5273694,
-0.17631963,
0.93595535,
0.09350529,
0.74074626,
-1.2784011,
-0.026775243,
-0.4156124,
-3.6808019,
-0.08580885,
0.2940551,
0.22311981,
-0.59250164,
0.44634023,
0.40565354,
-1.2803377,
0.7433371,
0.509938,
2.1291614,
1.2002176,
0.8623559,
1.1199437,
0.04017726,
0.04971063,
-0.16592795,
-0.039163474,
0.2962789,
0.33536705,
-4.1501,
0.030587632,
-1.506717,
-0.94041073,
1.4056114,
-0.7778241,
-0.3334725,
0.73160523,
0.27371064,
0.8731758,
-0.8607387,
1.7509092,
1.195447,
1.5295532,
1.1879712,
-0.06050016,
0.64026606,
1.0655138,
1.0501661,
1.3460748,
-1.4832892,
-0.36152574,
-1.6100769,
-1.3302197,
-1.2762731,
-1.215698,
-1.7972349,
-1.5439706,
-1.514765,
-1.0382248,
0.47048196,
0.3712501,
0.42335567,
0.43659076,
0.88499033,
-0.36788076,
-0.3468464,
-0.45998335,
0.08071844,
0.29476795,
-0.91424793,
-4.971493,
-0.45213968,
-0.07369436,
-0.011736255,
1.1855742,
0.5320662,
-0.95080125,
-0.1741596,
0.5952127,
1.1222795,
-0.22184038,
1.5668445,
0.67871433,
0.9151293,
0.4940936,
0.5157737,
0.7871998,
1.5006856,
1.2204137,
0.24726343,
2.0355294,
0.26866361,
0.813287,
2.7181957,
2.0100324,
2.176368,
2.1386135,
-0.7616548,
1.892251,
-1.289036,
-0.18388245,
-0.30839205,
-4.5419054,
-1.627931,
0.93306154,
-0.95078164,
-0.049431846,
0.15243042,
-0.013110567,
1.8486418,
-12.863866,
0.70995814,
0.5443456,
-0.99701864,
-0.36853,
2.6737957,
-4.35553,
0.7865644,
-3.006263,
-2.246046,
-59.353107,
5.407811,
-13.731379,
-5.1614904,
-15.874257,
-0.9327403,
0.41654894,
0.20702161,
-1.0150502,
2.157171,
-13.926443,
-4.204763,
-11.727551,
1.9768748,
-62.512558,
-3.1178467,
-2.3708107,
-0.043394282,
-9.67925,
-20.598879,
0.0063306466,
1.3423537,
-4.7679954,
-9.910045,
-47.508915,
-4.9587,
-8.650539,
-3.1049788,
7.931312,
-0.5673246,
-0.03639411,
-12.592313,
-0.9325641,
-1.3360217,
-0.7719999,
3.944675,
-0.08382405,
5.133844,
-0.08284725,
-0.02692339,
-0.0130750695,
-0.02739171,
-4.8911643,
-0.16480723,
10.783903,
-0.80166805,
-3.052709,
-2.8327644,
-7.759501,
-0.11254313,
-0.006749399,
-12.143741,
13.734591,
9.981804,
-4.541088,
-0.085118435,
2.516717,
-2.151346,
-3.952284,
-0.6190477,
3.2130108,
-2.9312441,
-20.678917,
-47.826355,
-1.4051429,
-0.072387636,
11.135833,
-0.6482793,
-2.4377553,
-2.1902792,
12.2538805,
-8.446516,
-0.92946625,
5.451667,
-8.648085,
-0.7765714,
-3.1536741,
2.5663788,
4.774544,
-5.1814995,
8.408383,
7.1854243,
-0.059151415,
2.0794215,
3.1845083,
-14.429271,
2.7797794,
1.4803963,
1.7506707,
2.1275027,
-12.629716,
-3.010812,
-1.0075606,
5.1783423,
-2.7539644,
5.237407,
4.5981317,
0.7672197,
3.011469,
-0.11654942,
-3.3976138,
2.8336306,
-1.2537255,
0.64684814,
1.9602674,
0.18230052,
-1.1402564,
1.048351,
0.38144785,
2.7194939,
0.2466465,
0.5564095,
0.0039233,
0.8367079,
0.78574526,
1.6251979,
-0.19741996,
-1.1404283,
-0.067072675,
0.8225764,
1.276397,
2.6716366,
1.810162,
1.1679335,
2.0683467,
1.5205125,
1.260993,
0.4332023,
0.7499321,
1.5203441,
-0.8293281,
-1.1892691,
-0.22772175,
0.028747788,
0.2837943,
1.3048012,
0.0048150225,
-0.6403748,
-0.052982073,
-2.7212048,
0.8297831,
0.7992362,
0.0662812,
0.89157325,
0.67261213,
0.9678437,
-0.066640496,
0.5595855,
0.6092387,
0.82174474,
-0.78074616,
0.42691252,
0.16098915,
0.9539251,
0.43310165,
1.3574295,
0.4829388,
0.8954172,
0.5268668,
2.4399066,
-0.4061313,
-0.5953921,
-0.16044253,
-0.1593191,
-0.35472402,
-0.56410015,
-3.7831416,
-0.0596911,
-1.3830587,
-0.5662622,
-0.37672448,
0.11752242,
0.4766336,
0.14080167,
0.19077228,
-0.0486441,
0.51414776,
0.58178604,
0.81600535,
-1.0783441,
1.7872843,
0.5865408,
0.84743685,
0.23862922,
0.83562136,
-0.11881616,
0.14568663,
0.98383045,
0.40492797,
-0.6984695,
1.1743077,
-0.48445365,
0.107634746,
-0.228824,
-0.5681332,
0.13843955,
-1.1125052,
0.018985663,
-0.118169606,
-2.1307607,
-0.10991754,
-1.0122437,
-0.6223677,
0.87848276,
-0.25859222,
0.47459635,
1.1613444,
-0.12992416,
0.8077185,
0.27367255,
-0.788367,
-0.6166033,
0.17319684,
1.3867161,
-0.5064752,
-1.2392234,
0.88598394,
0.344353,
0.79372084,
0.67225116,
0.51471967,
0.6361881,
1.1453538,
0.78048307,
0.4312239,
0.98939604,
1.7494638,
0.47763914,
1.1751997,
0.24826792,
1.3242239,
-0.23379579,
-0.8824775,
1.6126808,
-1.0499883,
-0.020548904,
2.4294937,
0.39475626,
0.5347149,
-0.8921743,
6.1639433,
-1.0000175,
-1.8335451,
-0.61558294,
-0.37196237,
-1.2488989,
0.5306906,
-1.355712,
-0.32602343,
0.87836766,
-3.1110628,
-2.772229,
-0.92280906,
-0.23128659,
-0.13892148,
-1.144868,
-1.1699009,
1.1678005,
-0.7638589,
1.2971971,
-0.07804751,
0.8028818,
0.4204908,
1.6480976,
1.7713668,
1.2496182,
0.21530311,
-1.8009602,
1.9087287,
0.2976167,
11.283551,
0.4238357,
1.9499787,
-2.4088347,
-1.6406568,
-0.66429293,
2.750538,
-0.8546169,
-2.067567,
-0.69950694,
-4.5815654,
-4.3409605,
-9.38485,
-0.020369127,
2.1551864,
1.6706115,
-3.779469,
-5.771606,
-8.807636,
-0.87669194,
14.967026,
-0.68842244,
-14.301943,
0.5470954,
-13.581454,
-0.6886327,
-3.277712,
3.181674,
5.118207,
-7.3450537,
11.183575,
0.76781636,
-2.435104,
-18.827019,
-1.8003075,
-7.0874925,
-7.4590526,
2.5317643,
-8.8823805,
-0.5917371,
-0.020532804,
21.489357,
-0.9296287,
-1.2402018,
-0.8338672,
-14.0154,
-0.20368065,
-25.179102,
-0.0843312,
-0.0032429134,
0.03716263,
0.07343106,
-3.09607,
-0.20189501,
6.9784904,
-0.59485286,
5.991507,
-1.6549636,
-6.194311,
-0.013287729,
0.06267639,
-1.6087725,
1.5072546,
1.6219059,
-0.36832187,
-0.07597623,
-0.30864465,
-0.19797784,
0.04471135,
-0.7758266,
9.18462,
16.895704,
14.541433,
33.7554,
-1.4061255,
-0.00927498,
-19.790283,
-1.8580998,
-7.360947,
-7.231782,
10.885142,
3.4114778,
6.1144276,
-2.7889736,
-2.232142,
-10.344256,
8.699377,
-2.4386158,
2.0628197,
3.081892,
8.058258,
-6.623308,
-4.419824,
1.2084202,
-6.552341,
-11.822882,
-0.385742,
-1.6429769,
-0.56758165,
-0.30403492,
-0.5822548,
3.426324,
0.13381152,
-3.5969634,
-0.38532668,
-4.2185807,
-2.7475317,
-3.2166953,
-1.6422392,
-1.3651496,
-20.038296,
1.2504461,
0.3683811,
2.0836844,
-0.30626598,
0.22531715,
0.7473539,
-0.4927112,
1.093463,
2.2358234,
3.9693239,
-1.1993301,
-1.658743,
0.7419878,
-1.1564088,
0.26041928,
0.34514648,
-0.13367112,
0.34578073,
0.16059275,
1.9541162,
-0.4118566,
-0.72219825,
0.44029275,
-1.1450139,
-0.30453616,
-1.113311,
-0.61463314,
-0.0097949775,
0.04952078,
-4.212366,
1.4122682,
0.10387427,
1.0571375,
1.094051,
-0.11051323,
-0.15656272,
0.8297603,
0.48913252,
3.1438606,
-0.37926984,
0.15546732,
-0.4837077,
0.5270665,
-0.4231413,
0.98342854,
-0.23164397,
-0.63104194,
-0.22574706,
-0.8616086,
-0.579655,
-0.04977467,
0.28687686,
0.9557048,
0.12205089,
-0.07073214,
-0.023583578,
-0.15827635,
0.8471017,
0.13907051,
1.4582152,
0.78844583,
0.71764517,
0.23398095,
0.8267905,
1.6552218,
-0.9147216,
0.79801834,
-0.41188702,
-0.7519236,
0.9285678,
-0.2147417,
-1.1620574,
-0.86470795,
-1.0816855,
-0.2192406,
-0.518773,
-0.2501738,
-0.3167608,
-2.366595,
1.8958569,
0.27379376,
0.706652,
0.24320222,
-0.4418357,
0.73280275,
-1.1696804,
0.78629804,
-0.6410193,
-2.8195534,
-1.7596426,
-0.34765363,
-0.5549492,
0.12221339,
-1.1464585,
-1.1654737,
0.32713234,
-0.58077294,
0.35462773,
-1.4161495,
1.7007833,
0.55751973,
0.32452533,
0.5567517,
0.1476566,
0.027271066,
-1.7966099,
-0.0059266994,
0.025777886,
-0.67934746,
-0.37555897,
-0.65558726,
-0.6238681,
0.93843764,
-1.0987904,
-0.2943593,
1.953175,
-0.597461,
0.8418618,
-0.15313695,
-1.829236,
-0.8745607,
-1.1706177,
-0.36164683,
0.6354714,
-0.20026143,
0.21044132,
-0.2152027,
-0.26674673,
-1.3581125,
-0.96021026,
0.025654666,
-0.7839306,
0.0007274556,
-0.5353527,
-0.5643848,
-1.1148797,
-0.5328313,
-0.12021454,
0.8682377,
-20.434439,
-0.52658945,
1.4481373,
0.11475631,
0.8549968,
0.84637463,
1.0804482,
-0.40864587,
0.68536747,
-0.32906333,
-1.8499163,
2.3416133,
1.3777157,
-0.87326795,
1.0479687,
2.6564202,
0.3031609,
0.42135715,
-0.19718634,
-0.33822045,
-0.57919234,
-0.52136314,
1.8950664,
3.9876008,
-0.54158777,
0.72671145,
2.8347616,
0.8043508,
1.9654074,
2.126766,
-15.849217,
1.4652853,
4.4440393,
2.892278,
4.0576253,
2.607268,
3.7193034,
2.238588,
3.7055569,
4.4851847,
5.205509,
5.63546,
2.7778223,
-5.396134,
5.2093906,
-0.80201274,
-2.8648648,
1.6491855,
-5.9516277,
3.6039438,
0.6393274,
2.5349963,
-53.984783,
-0.80654764,
-0.33766693,
3.3501296,
-0.08636871,
0.787004,
-6.6190495,
-6.8895087,
8.367437,
-8.80813,
23.91509,
0.7176517,
-7.133564,
-9.8516655,
-24.671019,
-54.95969,
16.480707,
-0.5933781,
-0.9024067,
37.845596,
-0.044547148,
18.397566,
-1.023318,
-2.112378,
0.03389758,
-0.4561858,
-4.0505447,
-0.1023521,
-0.020889468,
-0.028821444,
-0.12252267,
-0.49063262,
-1.6154385,
-0.02119278,
19.498611,
-0.21629259,
-5.8199716,
-0.018073222,
2.8527088,
-1.5125842,
10.357892,
-0.050298393,
-4.010105,
-0.08463876,
-2.6419919,
-1.2909751,
-0.18441148,
-2.4463172,
15.762964,
3.9155586,
16.078293,
-9.306389,
-3.4136984,
-0.010121847,
7.6544476,
-3.4647791,
6.33923,
-4.6721053,
-9.227701,
9.440929,
-1.9916447,
2.1593158,
0.23458368,
-8.619615,
-3.3677049,
3.0100873,
-2.1152775,
-2.454822,
4.8231735,
-2.88144,
4.9026065,
-2.6023872,
3.2298598,
4.7891955,
-0.8993189,
-1.5304021,
-0.11324674,
3.1400466,
-3.227027,
1.1601504,
-2.3578181,
0.90145016,
-0.85286164,
1.9594806,
-2.440823,
1.2002978,
-0.90972453,
1.0193281,
-0.5486947,
1.7502987,
0.84168875,
-1.4902306,
-0.56370836,
0.21597019,
0.14942037,
0.4487049,
-0.65142894,
-1.4420028,
-2.851043,
-0.04984283,
-0.718715,
0.34325314,
-1.5522678,
0.63729537,
0.94821167,
-0.57185817,
-0.09910011,
1.7720343,
-0.9319553,
-0.32505974,
-1.2610801,
1.1727245,
-0.15481512,
0.44531694,
0.23249793,
-0.064447865,
1.0316777,
1.2741895,
2.6397882,
-0.20793352,
0.4605626,
0.020272885,
-0.9106642,
1.1749942,
-0.73285085,
0.09959245,
-1.0240897,
-0.85594857,
-1.5970135,
-0.31606826,
-0.58444643,
-0.12262507,
-0.26608,
-0.88953656,
0.103770144,
-0.05920296,
0.11546054,
0.4020877,
1.3656294,
1.0420737,
0.23012386,
-0.8093653,
-0.045298476,
1.4797047,
-2.5085754,
0.41744193,
0.088751264,
1.727401,
-0.26825312,
0.1853735,
0.24966897,
1.1663452,
0.5773471,
0.3062312,
0.018911868,
0.96845055,
-0.027428538,
-1.4391668,
-0.10238601,
1.1117734,
1.5875531,
0.19537164,
0.39219993,
0.32312167,
1.1465343,
0.7329094,
0.39407712,
-3.4572752,
1.3266337,
0.28933752,
-0.019397285,
0.349373,
-0.052621577,
-0.08509957,
-0.9669118,
0.25869304,
-0.09366998,
2.1312346,
-1.0056864,
-0.88536835,
-0.4539361,
1.1002988,
-0.30812892,
-0.003334751,
0.6257238,
-0.11493299,
-0.078568034,
-0.079312965,
0.9252993,
0.43643558,
-0.27706426,
1.1992438,
-0.18912446,
0.39962772,
0.75707936,
0.7428448,
0.9188483,
0.504792,
-3.1542408,
1.3719449,
-0.37149394,
0.020311626,
0.18785764,
-0.39560512,
-0.27995405,
0.06828312,
-0.010157659,
-0.862499,
-1.5482244,
-0.91420877,
0.4852278,
-0.034491975,
-1.1254327,
-0.34256092,
0.34369478,
-0.43323094,
-0.077271186,
1.4577607,
-6.319295,
1.2718375,
1.2510936,
1.5098094,
1.620967,
1.5425072,
2.047888,
-0.13978808,
0.5640486,
-0.488061,
8.402499,
-1.1958624,
0.5944146,
0.81801313,
0.8033958,
-0.95673794,
-0.20493254,
-0.026098836,
0.40365896,
2.11287,
5.3363695,
0.8072597,
-0.18178725,
0.98909354,
-1.5192165,
-0.57358354,
2.4273784,
-1.75317,
-0.6597361,
0.41014215,
3.4182703,
0.06352962,
0.8892054,
-1.3825163,
2.5832818,
0.13843465,
-2.1222427,
-2.239211,
0.33099282,
-0.51802254,
-64.304794,
0.44100994,
-2.9838834,
-0.21117274,
-3.7826455,
-1.9634504,
-0.90773505,
-0.05143437,
-2.2459645,
-2.1923313,
-19.98945,
-0.8704301,
3.1382236,
-2.4776251,
-4.1062794,
0.78845346,
-0.33327362,
-4.5728903,
-6.1985674,
-8.256469,
-22.156816,
4.7396827,
-51.77716,
0.52762425,
5.0257077,
1.9450128,
-12.131537,
0.9483541,
-17.263739,
-59.56901,
34.60471,
5.150985,
-1.6167923,
-6.145306,
-34.986816,
-1.857102,
-4.485869,
-11.849268,
13.839397,
-0.5744807,
-5.3095117,
3.370245,
-0.57645845,
-4.0349936,
-1.0479027,
-6.886349,
-3.2709389,
-0.49293944,
-11.489011,
-0.024466295,
0.023946946,
0.00480649,
-0.04118712,
-0.04258859,
-0.0032381518,
0.076675594,
0.02942721,
-0.0272973,
0.07320478,
-0.07398374,
6.7227316,
-12.606379,
9.658643,
-0.09350074,
-3.6295686,
0.025480546,
7.9025445,
-5.618035,
-9.848289,
-3.1678681,
2.5940666,
10.398599,
1.5542307,
19.487156,
-13.880586,
-0.15746874,
-6.054236,
7.8513107,
-12.926327,
-1.798795,
-9.862121,
-2.211381,
1.4576378,
-5.103033,
4.9505334,
-4.2180457,
-4.7139263,
4.077573,
-0.61414325,
-0.8325347,
7.617392,
-0.6469366,
1.2161742,
-1.251666,
-2.1052632,
-8.2739725,
-0.359631,
2.8492308,
-3.4884636,
-0.45482638,
-5.6382213,
-1.1127841,
-1.9344072,
-2.3750713,
-1.6500638,
-0.60929066,
1.4349904,
-3.1696837,
0.56948394,
-0.3495494,
2.504977,
0.24603896,
1.0208713,
0.19423498,
2.3473957,
0.39354357,
-0.03896606,
0.20833169,
-0.69262487,
0.4329774,
0.59863013,
-1.0685091,
-2.2257938,
-0.3392863,
-2.5674033,
-2.849776,
-2.481399,
-1.0813202,
-1.1394925,
-1.1146468,
2.0880146,
0.7468117,
-0.20314577,
0.28209895,
0.47449356,
2.3992329,
0.013562624,
-0.023622438,
0.5433507,
-1.4075934,
-3.663274,
-0.62102276,
-1.8783063,
-0.5899372,
-1.5457251,
-0.43038294,
-0.40992308,
-0.30206454,
-0.9818102,
1.8880416,
0.8418034,
1.1471126,
-1.2432582,
0.42622197,
-0.097744934,
1.5417044,
-1.1758178,
0.14393592,
0.7689873,
0.5648213,
-0.61770606,
0.056403324,
-0.35244355,
0.053979732,
-0.67155963,
1.4255246,
-0.919193,
0.0014114729,
-0.93583506,
-3.167013,
-0.16100538,
-0.7130884,
-0.9879158,
-1.775913,
-1.3210617,
-1.0983295,
-0.36613795,
-0.48202792,
-0.51740015,
0.6558333,
1.3567117,
0.8113275,
-0.67377555,
0.5540845,
-0.80135614,
0.550759,
-0.40846765,
-0.013448652,
0.02988144,
-0.5727097,
1.4011896,
0.123798184,
-0.6161732,
0.7186027,
-1.240104,
0.7941494,
0.4824461,
0.12714487,
-0.011835784,
-2.0853062,
0.53114617,
0.76786923,
-0.44789922,
1.3086444,
0.40636557,
-0.5488797,
0.20625551,
-0.21802714,
0.93591535,
-1.0449194,
0.52604073,
-0.16918124,
-0.31907946,
-0.2551398,
-0.5328879,
-0.6120521,
-0.6225674,
0.03528595,
-0.53748095,
0.5188815,
-3.1108673,
-1.6051617,
-0.18343239,
0.7960566,
0.018476665,
0.055330366,
0.31807566,
-0.73844105,
0.15327987,
0.06956254,
0.031674426,
0.89782417,
0.57779586,
1.7107637,
1.5322475,
0.6536261,
0.59106326,
0.0040478036,
0.9869609,
-0.42056552,
1.3994132,
-0.8228977,
0.9043789,
-1.5328885,
-0.15066288,
0.07048727,
-0.42259905,
0.05285452,
-0.22749239,
2.5009973,
-0.93685013,
-0.16633096,
-0.89939165,
0.40569273,
-1.1103051,
-0.033473093,
0.40449676,
-0.7566503,
-0.86442715,
-1.3784666,
-7.5470552,
0.952887,
1.4383858,
0.58026534,
2.3505435,
1.215487,
-0.6389442,
0.9737103,
1.0200182,
1.9973735,
0.94065434,
0.71469057,
0.4213187,
0.7778427,
-0.9583614,
1.2370449,
1.4609642,
2.0860991,
-2.0001256,
-0.24107353,
14.030572,
0.4378462,
1.4296247,
-0.050568316,
-0.42137215,
1.6961188,
-3.443218,
-0.29383588,
3.444916,
1.4222639,
10.092037,
-3.578435,
-3.5421817,
-6.241049,
0.061408937,
-3.602953,
1.3568437,
2.2348058,
-4.994723,
5.0840945,
-20.063427,
2.8838694,
-64.99758,
4.492761,
0.6493658,
1.0927323,
1.8432815,
-7.6235914,
-16.41662,
-55.39066,
-7.357389,
2.3601089,
-11.170976,
-8.198281,
-8.177523,
-0.71998173,
-5.8772473,
-6.089125,
-15.628079,
-1.1536893,
-6.291827,
34.35516,
-0.7762911,
-23.51824,
-4.713166,
-56.32186,
-3.9170501,
-0.43972138,
-11.963422,
-0.11607374,
0.80093664,
-0.37878248,
-10.871715,
-31.457525,
-0.49641368,
0.061453782,
7.489705,
-6.3814993,
8.125572,
-0.06203852,
3.6590626,
-6.7184587,
6.1259713,
0.012551411,
-6.708628,
0.00883494,
7.756156,
-2.7112517,
-4.1994624,
-4.6818185,
-2.4664721,
-2.978142,
0.44436148,
-0.26127788,
-17.538519,
-0.8041212,
18.829098,
1.2018857,
20.513723,
1.3986272,
-32.68703,
1.3551644,
1.6606188,
-2.5231335,
0.67706037,
7.081151,
2.5433364,
-31.584501,
-2.7501836,
0.670803,
-54.87095,
-0.6447195,
-0.23325093,
-1.1938944,
2.446846,
2.5111194,
-6.543474,
-3.3320549,
-1.7530521,
-3.362391,
-8.585066,
2.208607,
0.995857,
0.7132689,
0.60095626,
-1.1557659,
-1.6213104,
0.3787684,
-2.0679848,
1.0810727,
-3.9172635,
1.5729846,
1.8812377,
0.97149557,
1.891707,
0.9383884,
-1.2555268,
1.3507068,
0.15478458,
0.4568291,
0.18572025,
3.1282382,
1.6766286,
1.9430498,
1.9677321,
4.077307,
2.8437476,
1.4370422,
2.1705067,
1.5032452,
0.19379681,
0.2984095,
0.26672062,
0.7053561,
-0.78792393,
-1.0191617,
0.24921663,
0.5632446,
0.23140511,
1.6058079,
1.1644902,
0.42225426,
-0.32014146,
0.6965614,
-0.75396645,
0.38768753,
-0.7796051,
0.22099076,
-0.3870835,
0.41532493,
-1.5028319,
0.9918226,
-0.65655416,
-1.0757625,
-0.09447132,
0.67983073,
0.5636966,
0.4618355,
0.49431136,
-0.63867956,
-1.2064868,
-1.5821722,
-2.1334288,
-0.55360615,
-1.5005628,
-2.4223192,
-1.0105649,
-0.55997086,
0.5174817,
-1.6665148,
-0.10613785,
1.6323329,
-2.0162964,
-0.23284687,
-1.0902295,
1.7295549,
-2.0277464,
-0.074712746,
-2.1247427,
-1.0160359,
-1.0800653,
-0.8837797,
-1.0072472,
0.74189264,
-0.24026917,
-0.13145335,
0.3499137,
-0.0066204136,
-0.34676564,
-2.6659539,
1.2188182,
0.6440099,
-0.040732067,
0.49192572,
1.158637,
-0.0668392,
0.8960093,
0.25797665,
0.92442936,
0.69700557,
-2.2071114,
-1.0312383,
-0.73387843,
-1.7002629,
-1.1354551,
0.050665896,
-1.2431489,
-0.58279276,
-1.2006706,
-0.43616632,
-5.2098937,
-0.40525955,
0.43237233,
1.202625,
0.4279654,
-0.11285559,
0.54410595,
-0.37168565,
0.5833992,
0.6595396,
2.7646618,
1.1399802,
1.08162,
-0.39616936,
0.9278963,
0.95674974,
-0.27508572,
0.24642323,
0.3121377,
-0.31022075,
0.8635465,
0.29293618,
-0.8879233,
-1.6585765,
-1.3647364,
0.2732154,
-0.0743859,
-0.60819197,
-1.1226298,
-0.1387615,
-1.492455,
0.45772883,
0.43305394,
1.0357482,
1.0231241,
-0.7183078,
0.40633282,
0.027906502,
-0.2885173,
-2.3093145,
1.8595926,
-0.23671854,
0.1911165,
-0.1653024,
-0.20376462,
0.5003072,
-1.4716656,
-0.010464408,
-0.2383635,
-0.30502218,
3.4796293,
0.6095709,
0.48407328,
-0.11495677,
-0.83188105,
0.41762757,
0.6063077,
-0.06797179,
-0.76421267,
-0.11499108,
-5.854744,
-0.017550418,
1.5081378,
-0.89971125,
0.88043046,
-0.7472702,
0.4778805,
-0.5405667,
1.4301578,
0.59021854,
-4.6035585,
0.17837529,
-2.007249,
-0.6742182,
-0.39733368,
-1.6749564,
-4.2388654,
-1.7794762,
-5.6370897,
-1.3610258,
-4.9423957,
2.0665135,
-0.26111653,
-1.7275647,
-1.9114035,
0.9023372,
0.61824995,
-1.0783648,
-5.374089,
-3.3349948,
0.10481887,
6.2205,
-61.82053,
-10.264001,
-4.008789,
5.031794,
-6.1062202,
5.8054495,
7.275627,
-45.286972,
2.2189517,
-17.76856,
-6.281819,
18.980003,
2.3006191,
-4.5002747,
-0.49629608,
-17.07731,
-25.700584,
-1.5154737,
14.792852,
12.421644,
-3.7343833,
33.404083,
-3.1333995,
-5.18333,
-0.198602,
-6.6126313,
-4.134489,
0.005800231,
3.7386038,
-1.7725463,
-1.1484624,
-0.07777941,
0.08483489,
-0.03240758,
0.023031052,
-1.2239133,
-0.06621348,
19.207159,
10.869219,
-5.3573766,
6.378417,
-16.090254,
-10.014777,
-0.32372144,
17.724993,
-5.1383405,
-15.610322,
1.1794779,
4.74353,
-5.1994214,
-1.9319859,
-13.376412,
10.22829,
-5.557263,
2.1009953,
-19.888397,
-38.736706,
-1.4765731,
34.323563,
2.0978463,
3.1273022,
6.33816,
-3.4839053,
-9.729266,
-9.611277,
4.07562,
6.0699053,
-2.8104215,
8.568882,
-0.7035126,
-1.1082503,
2.6154084,
1.2131956,
0.100716874,
12.127472,
0.1353451,
-1.9240719,
1.8811044,
-5.399575,
-0.71799785,
0.8615194,
-1.7622428,
-0.44464582,
0.801553,
0.9771943,
0.7045757,
0.061430335,
0.5274697,
-1.8441273,
-2.0960963,
-1.6133586,
-0.49447474,
-0.6185342,
-2.079612,
1.177291,
-1.4270481,
1.6740133,
0.5775412,
2.5584605,
-0.55345285,
-1.0943197,
-0.8816795,
-0.11748185,
-1.3523855,
-3.3226748,
-0.7651854,
-1.210995,
0.20830677,
-2.0213697,
0.21624944,
-0.8510188,
-1.0783124,
0.2980534,
-0.24728401,
-0.926648,
-0.46638176,
-0.5878913,
-0.24013996,
0.67821246,
-0.3954547,
-0.40979263,
-2.311019,
0.23201795,
0.71444505,
-0.84765106,
0.08507858,
-1.5898833,
-0.19635299,
-0.72062993,
0.5571603,
-0.26123512,
-1.661798,
-0.56545323,
-0.1970855,
-3.2781029,
-0.03448309,
-0.7026671,
-0.08821964,
-0.6430269,
0.7007847,
0.016444005,
0.4338327,
0.24059771,
2.2542362,
0.7118315,
0.1710576,
-0.6863653,
3.6910298,
-0.8573637,
-0.354667,
0.77729475,
-1.3351108,
1.3372521,
0.8545812,
0.5487902,
0.27525097,
0.80364126,
-1.5439703,
1.5544826,
1.7088948,
0.037062332,
-0.019445047,
-0.478038,
0.36603898,
-1.1099306,
-0.30263907,
-0.889489,
0.80240196,
-1.0323557,
-0.3193667,
0.042812213,
1.1675369,
-0.12566273,
0.7666351,
-0.25200617,
-0.21651469,
-0.40576813,
-1.9969344,
0.837202,
0.32234251,
0.3234968,
0.47132298,
0.3038462,
0.012472689,
-0.26975322,
-0.57030606,
-0.19208561,
-0.7190733,
3.421942,
0.90780807,
0.5214428,
-1.6020627,
-0.7253866,
0.24641089,
-1.2396004,
0.2342425,
-0.8434872,
0.40180445,
-2.3915715,
0.44526276,
0.68244797,
-0.5420831,
0.30774018,
0.32968193,
0.2066358,
0.3301627,
-0.73828244,
-0.6125289,
-0.6394224,
-0.5531001,
0.328116,
-0.5327136,
-0.09105036,
-0.321913,
-1.7685317,
-0.31168675,
-0.6914282,
-1.4975823,
-0.7465773,
-1.3735652,
-0.30844033,
-1.5171715,
-1.5499285,
0.13551709,
0.013154634,
-0.6352205,
0.032468103,
1.4835491,
0.32932582,
0.8704402,
-0.6683866,
-0.7052422,
-0.064690545,
-0.94881713,
2.0610597,
-0.67382383,
-0.52173823,
1.0266396,
0.21312831,
-1.1506598,
0.25497794,
1.8416903,
1.0781598,
-0.068659455,
0.5813177,
-0.7754442,
2.5696342,
0.17963716,
3.3520498,
0.405443,
-1.7404668,
-6.9865823,
-1.39834,
0.42863885,
-4.750947,
0.39483976,
-6.2158155,
-2.3592865,
-2.3582072,
1.0097953,
2.1568897,
-4.968481,
1.5427042,
3.447063,
-2.4440393,
1.9256958,
-1.4213377,
3.6844301,
2.8046842,
-3.1107004,
-2.087357,
2.3790784,
3.9565203,
-4.5792804,
-0.4805042,
-1.5779214,
-2.179161,
-6.708107,
-9.095263,
0.37319198,
-8.016812,
-11.519198,
1.0941343,
-1.5246584,
-6.240041,
-6.400995,
-5.9610023,
-1.4991217,
13.652302,
36.48826,
-1.4643981,
-22.307653,
-1.2847259,
-9.061866,
-0.15742765,
-3.7788227,
-11.819265,
-0.62699443,
11.695022,
-2.3607152,
-3.0751772,
-1.5905657,
-1.1323541,
-1.5501547,
-0.17965597,
-5.237422,
-1.2863626,
0.043112602,
0.043583956,
-0.035820186,
0.05861782,
-0.058796186,
0.07235032,
0.071156956,
0.07292,
0.08219727,
0.04796041,
26.918621,
-2.1638894,
0.48018274,
1.465495,
-0.13448551,
-1.3148866,
-0.2774265,
-7.519547,
-0.75771064,
-3.911325,
-20.96372,
-2.7199984,
2.9340584,
1.4134007,
19.912443,
1.7913239,
-0.032711994,
21.382477,
-11.941767,
15.822634,
-6.22781,
-27.387203,
3.4512079,
3.9942002,
1.8144776,
1.478851,
-55.139557,
10.315515,
3.5202713,
-6.6103764,
8.181711,
-6.400457,
2.5833008,
2.011373,
-0.8625721,
1.1058263,
2.5093775,
0.2518644,
0.062732875,
-1.241074,
1.4237176,
-3.8315995,
2.5484934,
1.201445,
-0.66805875,
0.23832493,
0.3422215,
-5.253865,
-0.31254503,
-1.9853328,
-1.7182425,
-3.4655218,
0.6872279,
1.3648221,
3.321404,
0.95099336,
-0.84622127,
-6.5256743,
0.15767062,
-2.4112046,
0.3321235,
0.4424624,
1.1106735,
0.68063766,
-3.69823,
-0.7497681,
1.6079093,
-1.6562443,
0.38567492,
-2.1754057,
-0.27055648,
1.260822,
1.0278919,
0.59540695,
-2.40355,
0.7124767,
-0.6809663,
1.6282625,
0.3710972,
2.1498575,
0.08189681,
-0.29399604,
0.39170334,
0.7443605,
-0.28511772,
0.012181182,
-0.16984406,
-0.69680107,
-0.43200225,
-1.4332157,
2.1742172,
1.4003348,
1.0392426,
0.87338024,
0.03829793,
0.9809001,
2.3617184,
0.14434732,
0.96117014,
-0.5554183,
-0.24124637,
1.1992943,
1.6522315,
0.39390326,
0.44540194,
0.58008474,
0.6071864,
-1.2818519,
-0.29465082,
-1.332045,
1.0797242,
1.6903235,
0.60338193,
-1.4243741,
-1.1445223,
-0.7877622,
1.2369554,
0.53615093,
-0.084436014,
-1.5074571,
0.16758831,
-1.4903661,
0.18677439,
0.44261622,
-1.139801,
0.30835336,
-0.4235514,
0.007491517,
0.027325965,
0.20602562,
-1.0815501,
1.3674121,
0.16426705,
0.12597036,
-0.47628653,
0.09515024,
1.8375005,
0.16579871,
-0.22706358,
-0.1497176,
3.2292738,
-0.5277158,
1.0529362,
0.19551915,
0.5543089,
0.36206165,
0.47739378,
0.7007827,
0.70965654,
0.1483057,
-2.813881,
0.45419687,
-0.52896345,
-0.50030565,
1.333707,
-0.14460854,
0.35412252,
-1.0712183,
-0.77906966,
0.10484686,
0.62978315,
1.6784433,
-0.25002977,
0.25050294,
0.62588656,
0.5876179,
0.2692936,
-1.4456447,
-0.00653476,
0.70179784,
1.6500511,
-0.20293503,
1.0969054,
1.3197907,
-0.2576029,
0.63358486,
0.9022673,
-1.9220575,
0.49163422,
0.25965032,
-1.7798367,
2.3782928,
0.14879417,
0.0135379555,
-1.95036,
1.3372395,
-0.45147792,
-1.9733504,
0.30281532,
-0.7522342,
-0.44759053,
-1.0000017,
0.5703468,
0.27040973,
-2.3876674,
-0.852462,
1.193413,
-7.714123,
0.19578908,
-1.9794029,
-0.57802105,
-0.7926782,
0.049823754,
-0.24665792,
1.3844025,
-1.4359277,
0.80248344,
-0.987715,
0.7109163,
-4.395876,
-2.789696,
-2.7150133,
-0.36257145,
-0.9214228,
-0.4690158,
0.27669242,
-2.4418697,
-0.96728635,
-1.7442398,
2.2950068,
0.33989823,
-3.134981,
1.047923,
1.3807626,
-0.6837816,
0.51998883,
-0.7241628,
0.6064764,
1.1945697,
1.062907,
-3.7205951,
16.13751,
2.0446444,
-0.010828508,
-1.706308,
-6.4043326,
1.5348868,
-17.95154,
-1.644677,
1.7139204,
-2.693071,
-4.945916,
3.8727095,
-12.263261,
-2.055227,
3.6732934,
2.3014333,
3.1052227,
-1.6089478,
8.70637,
3.2442982,
15.563995,
5.6014023,
11.569808,
-2.7720394,
-9.297221,
14.050771,
-0.1772249,
-12.452739,
-8.679839,
0.009882228,
6.122918,
-4.7847185,
-0.35403982,
-6.539719,
12.09887,
0.06481674,
-0.021284016,
-9.0510025,
-0.090833485,
0.037811205,
11.87037,
-5.175855,
-3.6099157,
-0.05727358,
-0.037509885,
0.060672697,
-0.052613888,
-5.3022456,
-0.006424647,
-0.044536915,
3.484513,
12.838289,
16.945988,
0.0431549,
-6.161606,
-0.41058037,
-21.6837,
-3.6226928,
-13.553815,
4.171005,
0.08842044,
5.962446,
4.456572,
-11.549358,
-1.3446249,
-19.723831,
-45.08978,
-4.859701,
-3.2106519,
3.241237,
3.433691,
-1.957722,
-3.1273549,
-0.17945641,
-2.0179074,
-3.916072,
-72.70743,
-12.573189,
-5.05614,
-2.1702,
4.418807,
-1.0093882,
0.87507534,
-3.1139348,
2.1534195,
-0.6113594,
7.4179587,
0.3180247,
-2.3570683,
-3.3626926,
-1.9028633,
-1.6463962,
-1.6635655,
-2.0472102,
0.12610912,
-2.7889726,
-13.980899,
-2.0016656,
3.1639948,
0.23287839,
2.4557931,
-1.3982292,
-0.61991936,
-7.3703194,
-0.9034117,
-0.63656825,
1.2670835,
0.5116744,
-2.2903926,
0.49497375,
0.6813115,
0.73025846,
1.1146713,
-1.354607,
1.464416,
-0.37415043,
-2.0216808,
0.8611034,
-0.01300624,
0.5087591,
-0.066766866,
-0.48405543,
0.67877275,
2.7330084,
0.6759644,
1.6500351,
0.9029281,
0.26731268,
-0.70333266,
-0.1475175,
0.66975296,
1.1488019,
-0.29605132,
0.8100864,
0.23062746,
1.1599616,
-0.9573112,
0.7280239,
0.14461572,
-0.21698815,
0.9495793,
-0.11355259,
-0.6533117,
-1.8096726,
-0.23178248,
-1.1881928,
-0.27355605,
-0.9196376,
-0.5728098,
1.0845087,
-0.74026763,
-0.22659066,
-0.6264875,
0.19809304,
-0.0029307618,
0.9604478,
-0.675778,
0.11207069,
-0.97077954,
0.5738192,
0.40860218,
0.5451108,
1.2009937,
0.9702166,
1.6117436,
1.0148495,
0.5292571,
0.2269272,
0.33286965,
0.3240973,
0.31541657,
0.23814991,
-0.48465186,
-0.4009762,
-0.18098727,
1.2196517,
-0.80675304,
0.08413915,
-1.7554735,
-1.3152293,
-0.024587406,
-0.62700754,
0.19442873,
-0.8035636,
0.53690475,
0.46613795,
-1.4352378,
-0.09721536,
-1.3681053,
-0.3602275,
0.52804637,
-0.28016105,
-0.020114234,
-0.44658762,
0.2469287,
-0.122899055,
-1.2786832,
-0.22234195,
-1.2574846,
0.28657684,
-0.5371741,
-0.64941806,
-0.025630038,
-2.0622425,
-0.45708305,
0.052471936,
-0.2716797,
-0.7475803,
-1.2264594,
-3.775693,
-2.14251,
0.32478353,
-1.0544423,
-0.09356914,
-0.6333741,
-0.53105533,
-0.07394741,
-0.34881714,
-1.7335739,
-0.21847211,
2.7877038,
-0.5933112,
-0.6549649,
-0.38688752,
-0.6097626,
0.36426133,
-0.9019885,
-0.74750775,
-1.6442189,
-0.7541895,
-0.27776703,
1.1858634,
0.7190979,
-0.40031895,
-0.46656233,
-0.5035699,
-2.2677913,
-0.59873694,
-0.8262956,
-1.1780429,
-2.434819,
-1.3729848,
-0.09141824,
0.39973217,
1.3620888,
-0.25988528,
1.6120876,
0.23107176,
0.40890187,
0.5351523,
4.0627584,
1.7302597,
0.2345359,
-4.8887954,
1.1031487,
-2.388936,
-5.2097716,
-0.09256343,
1.5247842,
1.1194035,
2.9000878,
-2.0449622,
-2.0593064,
0.6510729,
0.44147873,
4.1927247,
3.3034546,
0.25250334,
-2.5497322,
-4.221661,
-26.24945,
1.2960567,
-3.7019706,
-1.6363413,
-2.5419323,
-5.7789025,
-12.184093,
-2.5570588,
-6.763579,
3.1522286,
17.951338,
-2.5589814,
-0.32933056,
2.7648857,
5.9782815,
6.2211676,
17.995846,
0.10885239,
4.9382563,
-46.77538,
-13.200214,
3.210773,
-51.56332,
1.5334448,
-3.5647755,
0.9142495,
9.504244,
-5.0923376,
-7.313224,
46.679043,
9.758719,
22.58639,
0.077469096,
-22.165583,
-3.0624902,
17.447714,
-19.528093,
-8.646604,
-25.179716,
0.6073246,
0.060885888,
-0.17851765,
0.049127232,
-0.058287803,
0.0046814466,
-0.07853324,
0.015571498,
-0.1200469,
0.052701786,
0.05322088,
11.513007,
-5.0768423,
-3.6241338,
0.076044396,
-0.03650682,
0.035669457,
0.034975458,
-5.0905943,
-0.08518836,
0.058467705,
4.8552594,
-1.9305295,
-0.47508886,
0.04863637,
-0.12079875,
0.034460913,
0.02896948,
-2.1536949,
0.05212214,
-22.746784,
9.512577,
4.2320714,
1.0221418,
-0.101421185,
-5.7676215,
-0.05807995,
-3.007546,
-23.593307,
-6.434159,
1.1075486,
-2.409663,
1.3855208,
2.258762,
-1.5536693,
0.12884587,
-1.5677594,
0.11051054,
5.009499,
-1.069787,
-5.8703737,
-1.2925103,
-0.9672925,
0.8029134,
-45.60658,
0.25488788,
-33.49031,
-5.3934593,
0.8158099,
10.93082,
2.0156806,
7.0544777,
1.9951825,
-0.36429167,
-0.66121054,
-1.294543,
0.66910297,
6.58862,
1.6152838,
-5.21059,
0.7156949,
-1.298821,
-0.42057204,
0.26597765,
3.1500676,
-0.6172282,
-7.4609404,
-3.2365296,
-1.0414026,
-0.36762643,
-3.0277576,
-0.22533554,
0.42073497,
-0.4928811,
-2.6119034,
-0.35128278,
2.2801864,
0.2552893,
-0.15033184,
-1.160744,
0.31957537,
0.23171735,
0.29298496,
-0.56513524,
-2.4310358,
-0.92890155,
-1.6607679,
0.81163865,
-0.9538063,
0.23761624,
1.0123644,
0.357512,
0.7346472,
0.25466442,
-0.16327472,
0.7031113,
0.47348383,
-0.032671254,
0.18649426,
-0.6465335,
0.7182413,
-0.13069364,
0.40190658,
-0.03485076,
0.16723567,
-0.09457151,
1.6719127,
0.98673004,
0.27640194,
1.1400697,
0.9239311,
-0.3234991,
0.7542217,
1.2434305,
-0.17046212,
0.63347906,
0.09501236,
-0.3064211,
0.453186,
0.3554601,
-1.8442236,
-1.3058442,
-0.017553927,
-0.37401986,
-1.2142034,
0.112626925,
0.8074984,
0.53009766,
0.11944977,
0.070963606,
3.9584706,
-1.019263,
0.06633224,
-0.2214054,
-0.3673196,
0.19510669,
1.3144715,
-0.092047065,
0.10313127,
0.0015840183,
0.14292008,
0.8009766,
0.6919821,
0.12982745,
-0.1565569,
0.46390477,
-0.87176085,
1.5444664,
0.62256587,
1.0615288,
0.6324282,
-0.65904915,
-0.40217406,
0.44400153,
-0.34424648,
0.27693844,
2.5702746,
-0.15928306,
0.3162753,
-0.70793056,
0.782296,
0.63017017,
0.055694684,
-0.21533582,
0.11168318,
0.16475034,
-0.8422297,
-0.48670933,
0.014271509,
-0.3543767,
0.411026,
0.70844513,
-0.42003745,
0.8721161,
-1.0879277,
0.27594623,
0.44486046,
-1.3223659,
-0.03722685,
-0.62083405,
-1.2304435,
1.479934,
1.4479595,
-0.28588122,
-0.031528007,
0.18289717,
0.5001842,
0.07718794,
0.3733719,
0.075157315,
1.4644562,
2.1121223,
1.4274083,
2.0512674,
3.44656,
2.466398,
1.2808498,
3.919149,
1.6481764,
0.6100965,
0.8699977,
1.93206,
0.6649917,
-0.94198453,
-2.594839,
-1.2406882,
-0.672464,
-2.3743842,
-1.5815051,
-1.7603055,
-4.647281,
2.3804584,
-2.786031,
-2.4511194,
-0.1305285,
-1.7575842,
1.5930849,
-1.2911354,
-1.1513312,
-3.9230077,
5.327617,
-28.905033,
1.7368809,
3.193976,
0.23026748,
-0.42283437,
-3.8666804,
-5.7990203,
0.1482709,
-1.2002518,
2.617827,
30.904573,
-0.6228408,
1.1698729,
0.6208084,
4.7090917,
-9.674867,
0.2205608,
0.9764661,
3.633281,
-6.203873,
-44.50136,
3.3214092,
-0.023784753,
7.5628877,
-0.84322196,
-36.83401,
-10.534448,
1.5261954,
7.8862314,
18.659046,
24.67923,
1.9967593,
-13.316829,
-17.545033,
4.5482726,
-17.417591,
8.367575,
2.5447876,
-2.848511,
22.465014,
-4.9050655,
-19.263548,
13.553881,
42.37505,
15.66988,
8.504941,
-20.608526,
-3.7300618,
-24.079176,
1.1338164,
0.0734081,
-0.1788533,
0.031461462,
-0.011929284,
-0.0589838,
-0.020276006,
0.053574827,
-0.2733528,
0.081265785,
0.06718735,
0.013367423,
0.011559681,
0.008691608,
-0.04353645,
-0.085723415,
0.043934386,
-0.052889988,
0.033365205,
0.056910157,
-0.020887045,
-0.04444636,
-0.07490278,
-0.0072157434,
-0.05326442,
-0.012974901,
0.06886935,
0.002107056,
-0.0019246317,
0.07315079,
-0.099892974,
-0.4109656,
-4.5945067,
6.128002,
-0.23275921,
10.909556,
0.02854023,
-6.9960475,
-11.343385,
-17.333374,
-55.71562,
-5.5447307,
6.9565263,
4.411674,
-1.0782853,
4.730032,
-0.085195675,
-12.206319,
-1.9402095,
18.083715,
-7.3236074,
-4.2775393,
-3.897713,
-2.964584,
-24.659939,
-0.9640189,
-5.4965215,
-1.864933,
-3.7809181,
-19.218096,
3.5871506,
0.06921619,
1.888949,
3.7886024,
-0.44367778,
3.6598203,
-11.829499,
-0.53598064,
1.0916116,
2.9054363,
1.278344,
1.922854,
1.8869333,
0.8743501,
-1.7346734,
1.4793336,
-70.36609,
-0.2049886,
-0.105962165,
-2.0040839,
0.15521367,
-0.7313589,
0.017157283,
0.3211115,
0.08588442,
-1.0387198,
-2.3218498,
2.1675973,
-0.5323175,
-0.24912733,
-0.83841145,
-0.41664854,
-0.48618358,
0.046872716,
0.7455048,
0.5259418,
-0.874108,
-2.813587,
0.3236197,
-0.15309729,
1.0034847,
-0.24553777,
-0.05280316,
-0.53103584,
-1.0146322,
-1.0258161,
-0.09316658,
-1.736438,
-0.57546216,
-1.7610625,
0.1611625,
-0.29695913,
0.7818145,
1.211453,
-0.29879954,
1.8485874,
-1.3608588,
0.14597741,
0.4914145,
0.59634423,
1.9499465,
-0.63518536,
-0.30296397,
0.50848436,
-0.15445235,
-0.30354846,
0.31007752,
-1.4285209,
-0.09153684,
-0.6104198,
-1.0807023,
0.8380769,
0.18372644,
-1.1129398,
-0.23574199,
0.14282277,
-0.0758597,
-1.2218449,
-0.11652464,
-0.28573084,
-0.6240843,
-0.12126423,
0.052720882,
1.2107934,
-0.75792456,
-0.3819755,
-1.0529212,
-1.4557211,
0.71561104,
-0.6441263,
1.3820716,
-0.96064097,
0.25074536,
-0.52247775,
0.49987906,
0.85078466,
1.538884,
-0.98491865,
-0.096887365,
0.23123783,
0.012901803,
1.740196,
0.017445967,
1.4059314,
-0.60702443,
0.37644848,
-0.7239172,
-0.2421776,
0.9351317,
-0.12347547,
-0.20722358,
-0.92744267,
0.83544517,
-0.61697865,
0.12519424,
0.33728212,
0.74828213,
-0.23443617,
0.29117242,
-0.0620396,
1.1217225,
1.3688986,
-2.0860436,
-0.91585624,
-0.70425767,
-1.0467228,
-1.5668982,
-1.3037972,
-0.80061656,
-1.0542613,
-0.7038068,
-3.8240707,
1.4774866,
1.4277911,
-0.0048051346,
0.10731547,
0.73016113,
-0.46102077,
0.60619974,
-0.48669502,
-3.2955196,
3.0490701,
-0.21995325,
-0.72926396,
-0.23269214,
-2.1302168,
0.3532337,
-2.5859468,
0.022140091,
0.10460446,
-0.07806834,
-5.489049,
-0.5625842,
0.93197453,
-0.00651078,
1.8577405,
1.5332212,
-3.004021,
-0.16276471,
-0.41008765,
-3.526388,
1.3796401,
4.5829263,
1.821223,
3.2703094,
0.55514413,
-3.1691256,
-5.2312803,
1.5217127,
2.4568264,
6.756501,
13.687788,
-1.2258489,
-4.435598,
-4.221499,
-1.2080657,
2.2473164,
2.803981,
-1.2048877,
4.5058737,
-4.8067875,
-39.98557,
10.069242,
3.8581364,
0.4480213,
9.362106,
-29.629406,
-1.0356274,
5.3050857,
-1.232073,
-3.8202193,
12.914066,
-2.4097285,
2.5171938,
2.463591,
-18.805609,
-9.02975,
14.078325,
-1.5102719,
1.5577792,
13.307392,
10.518207,
-2.9697223,
-23.26329,
-3.6523693,
18.026594,
-6.941232,
-13.496886,
-6.684772,
-8.889436,
-15.535296,
41.714794,
-1.5556656,
35.260155,
40.36491,
10.406831,
-1.6804191,
-11.045275,
-12.800871,
-16.13476,
-0.053332806,
0.040917736,
-0.068260744,
-0.08422684,
0.084230386,
-0.017310021,
-0.018790886,
0.070873454,
0.055079717,
0.0054238993,
-0.005806784,
-0.078727305,
0.0354956,
-0.05419006,
-0.06967879,
-0.07738648,
-0.0004787214,
0.016449878,
0.078160465,
-0.039777685,
0.011011546,
-0.036847487,
0.03304716,
-0.0023774677,
-0.036801104,
0.07523818,
-0.074878104,
-0.04318174,
0.0487141,
0.076302,
-2.3465986,
0.06515104,
-22.728664,
18.421516,
-0.06609614,
-36.611168,
-0.08023881,
30.460096,
-5.3408337,
-10.766796,
-17.691572,
7.209487,
-8.6070595,
8.316906,
-0.29146007,
-0.9494013,
-0.0369327,
4.2499285,
-40.02009,
-75.21354,
10.846497,
-4.6456375,
-2.412371,
3.2592068,
-57.18321,
1.3896478,
-0.093794435,
-2.3861227,
0.93193114,
8.022636,
7.8329425,
2.1695743,
5.5950627,
1.4979323,
7.610297,
1.9146636,
-0.42417747,
5.8719177,
2.428059,
2.0131485,
-8.665534,
-4.1270995,
-4.8136215,
0.79041225,
2.6776178,
-0.6128816,
-1.4082396,
0.4596485,
-1.8800542,
1.2070979,
-1.0545738,
0.01669255,
-1.9024862,
-0.78033376,
-1.5589993,
-1.2854824,
-3.9969835,
-1.9266512,
-1.0309057,
-0.82580864,
1.0220714,
-1.9042758,
0.7974643,
-0.5939891,
-1.8236417,
-0.5025354,
-5.5837793,
-0.0815678,
-0.22425596,
-0.6781498,
0.11899392,
0.36875787,
-0.84356207,
0.5121368,
0.48630956,
1.1575421,
-46.404663,
0.062416397,
0.38460702,
-0.107313015,
0.8196624,
-0.52267385,
0.17861946,
0.1260639,
0.414014,
-0.24593343,
-87.093155,
0.036393214,
-0.4685442,
0.11173887,
-3.6833687,
0.0816375,
-0.7422677,
0.72741497,
0.15535927,
0.24384524,
-8.298336,
-0.30044457,
0.40874842,
-0.7225893,
3.7773824,
-1.280024,
2.2186983,
-0.47636,
-0.6264693,
-0.44630432,
2.684506,
-1.0641855,
0.28054753,
-0.8571559,
-0.7204978,
-1.3492832,
-2.7055485,
0.47607034,
-0.118126445,
0.59746635,
-1.5266842,
0.68140787,
0.008364825,
-0.33740515,
-0.56605375,
-0.3037544,
2.33767,
0.87057143,
-0.2688971,
1.0136327,
-3.5439146,
0.10522955,
0.5346016,
-1.1168388,
0.19044216,
-0.20637944,
-1.2059087,
-0.98038036,
-0.58092046,
-0.5091506,
1.4621526,
-0.13560733,
-0.5322864,
-0.16622585,
-2.0327091,
-2.5862494,
0.878381,
1.0205964,
0.21245486,
0.39905292,
2.057777,
-0.32523218,
1.8358637,
0.017316649,
1.4341881,
2.6016557,
-1.8315269,
-0.8413749,
-1.0571684,
-0.19234277,
-2.3853216,
-0.60857075,
-1.9458431,
-0.8352073,
2.9654257,
-2.9091365,
3.2863088,
0.9031487,
0.096716575,
2.8542287,
6.5048943,
-0.4284283,
1.1025622,
0.69671124,
-4.6970034,
7.845938,
-0.5735779,
-1.7213911,
-0.5355095,
-2.8154657,
-13.562399,
-2.1450446,
1.0186031,
-0.79837245,
1.4032406,
-4.1375494,
-0.39958656,
-2.0597215,
-0.9528506,
0.5766068,
11.685856,
2.7080302,
-0.4371486,
0.37707075,
-11.353659,
-2.57853,
0.44297346,
-0.30816215,
-0.09466678,
-1.4791433,
-75.88438,
-0.13685215,
-2.4033003,
-2.7773218,
3.265816,
-10.234292,
5.5485067,
-2.7055516,
0.69725394,
-0.91872656,
-2.0495448,
-7.564484,
4.4429846,
-0.42839405,
-6.1020513,
14.130083,
-20.267756,
5.630404,
6.70659,
-12.053444,
-0.6900399,
4.1890945,
-4.420423,
5.9143567,
15.985764,
-1.2561492,
27.745697,
-24.419752,
-6.7056985,
19.838285,
-0.19107988,
-13.561073,
0.8448101,
-2.4558425,
-42.903748,
22.332375,
30.653482,
-12.563654,
44.283653,
-53.680443,
-0.26555273,
-10.7862215,
-21.087662,
4.932332,
0.023056142,
9.650871,
1.0122786,
-4.986163,
-2.2947319,
-4.2581716,
-0.15821534,
-0.072289035,
-4.818563,
-2.23297,
0.08023566,
-0.022409001,
0.07969801,
0.006933271,
0.0626536,
0.014123307,
0.045252472,
-0.07819456,
-0.001297682,
0.0029534895,
0.00759776,
-0.07410917,
0.033353016,
0.023614608,
0.033353493,
-0.054243766,
0.046754885,
-0.014021733,
0.03752745,
0.069746464,
0.031232754,
0.040520452,
-0.08645204,
0.012145876,
-0.06653741,
0.009472859,
-0.005966338,
-0.06263387,
-0.01455744,
0.051634315,
-0.1373133,
0.041067667,
-0.00602128,
1.6534399,
-2.8946614,
-0.00723661,
0.01582318,
-15.269055,
-8.013875,
23.34083,
-0.07859143,
-1.0751616,
-1.300207,
-11.327075,
-0.08022937,
10.786997,
-0.07515812,
12.897413,
-0.53377473,
-20.85186,
-3.8894036,
-3.2618396,
-8.509922,
-1.0470505,
-7.3534255,
-0.19063702,
-0.08867521,
0.75346774,
-39.518196,
-6.2878633,
-6.5126276,
-12.808135,
-23.460623,
1.0377015,
-11.2140665,
-1.2112296,
-0.13442399,
0.3716613,
-11.908741,
4.295435,
-12.820565,
6.060859,
-3.0981228,
1.5677357,
-0.94175357,
1.2671123,
-0.13524835,
-0.19387718,
4.6851425,
-0.980158,
-3.492844,
-2.2072494,
2.3704135,
1.0159866,
1.0158762,
1.2995702,
-0.41208827,
0.89335,
-1.7449982,
0.6720164,
-10.932442,
-2.478382,
-4.0584784,
4.0913205,
-0.30967292,
0.19398299,
-0.554248,
1.2302303,
0.64751977,
1.7249763,
9.761158,
1.1945376,
-5.719757,
0.2950758,
-1.4306734,
1.4315748,
-0.6583372,
-0.25808895,
-1.5902562,
-0.7956411,
-10.700059,
-8.056282,
-0.9034129,
0.69110835,
-1.511232,
-1.6332662,
-8.582933,
-1.6433399,
0.066647336,
-0.90834546,
3.7338376,
-2.0355215,
-3.0582407,
-0.2684214,
-0.22562432,
0.4724007,
-2.949875,
1.138662,
0.031532988,
0.53396016,
-3.9638338,
-1.4550139,
-0.13987587,
0.7946531,
-2.1728718,
-0.2687301,
6.2648983,
-0.34356764,
-0.7053165,
-0.7603595,
-1.8983325,
-1.7865657,
-1.3952173,
0.60265106,
-0.82494026,
1.1019518,
-21.46995,
-0.86391205,
-0.7063557,
-0.49259982,
-1.5314758,
-1.2355084,
-1.2182086,
0.7238079,
-0.28414065,
-1.7819568,
-10.495953,
0.026849706,
0.7732432,
0.7709372,
-8.047402,
-3.8035305,
1.219236,
-2.9227202,
-2.3020258,
0.76809144,
-5.6630917,
-2.460407,
-1.7880176,
-2.4803681,
4.21373,
-6.9777713,
-2.8555157,
3.18726,
0.40723357,
0.18385522,
-58.797413,
1.0117612,
0.9910657,
1.2634273,
-57.47674,
-4.0309453,
4.8246474,
-1.4432362,
-1.2797348,
1.5822178,
-4.6400313,
-0.7800984,
1.6207454,
-0.30265698,
-5.35809,
-26.978678,
-0.38961437,
2.9909077,
2.2606926,
1.2393781,
-7.1689286,
1.7458893,
0.64076626,
1.7918897,
-6.0312557,
-16.220787,
-4.702741,
5.036232,
-0.9389524,
6.303617,
-2.4850814,
1.0619404,
3.4201937,
1.2786622,
-2.5193706,
-11.299488,
8.0658245,
1.130554,
2.61221,
-1.339735,
-2.864951,
0.03131372,
0.570789,
2.5197837,
-4.241808,
-0.48921123,
-0.40815926,
-2.9968884,
-0.68582594,
-2.0582511,
-0.21868563,
1.1639768,
4.1804104,
2.46591,
-7.2275276,
-0.33558598,
-13.666034,
3.8887684,
-0.7905234,
15.375171,
-0.12447389,
6.107957,
-12.841449,
0.49182132,
-4.880526,
-0.7037675,
-21.744883,
-48.148895,
8.411856,
0.5544928,
-0.40477386,
-6.426513,
7.4272847,
5.341475,
-1.1816405,
-0.7222477,
-18.439909,
-0.1868077,
-11.560792,
36.481365,
-0.039735287,
12.068946,
-57.453705,
4.504056,
0.022827923,
0.052788947,
-44.936188,
-0.1474131,
-3.1804094,
0.0025429162,
-0.038117502,
-8.661472,
-0.73470515,
46.151398,
-0.05304219,
-0.07514353,
2.8596263,
-0.018851578,
-0.603524,
-0.003245832,
-0.06692746,
-0.025136894,
-0.89081097,
-2.2584226,
-0.033650886,
0.02477757,
0.010486112,
-0.058559142,
0.076567195,
-0.049365822,
0.011019361,
0.013058655,
0.060813673,
0.05195646,
0.03587155,
-0.008102503,
-0.08299011,
0.00084656023,
0.027376357,
0.0015449888,
-0.057501156,
-0.035745252,
-0.07795231,
0.024601955,
0.06699241,
0.04149679,
0.07170507,
0.07919883,
0.046725854,
0.0014064291,
0.06122707,
-0.012161862,
0.03399625,
-0.008173225,
-0.02990574,
0.07896961,
0.016724085,
0.079350084,
0.0818484,
-0.06434102,
-0.027639553,
-0.065565184,
-0.043492675,
-0.0019122995,
0.04021487,
-0.1662887,
-0.10325904,
-3.5173554,
-0.035340108,
-0.060298264,
-0.05728659,
-1.177305,
-0.23915629,
25.961123,
-0.03307282,
-0.43020347,
-0.052640334,
-12.573292,
-1.8588482,
-0.2821048,
0.021084554,
-2.369677,
-1.1333966,
4.3329644,
-0.52639896,
-4.4510612,
-1.8055137,
6.7265778,
-2.771386,
-0.3292639,
0.011894796,
-6.449148,
-3.1649752,
-6.478365,
-1.185857,
-5.277409,
-3.3046806,
-6.7364054,
-40.7936,
-6.5273495,
-0.08836962,
-0.50943404,
-10.28568,
1.2572398,
-1.3859351,
-3.7875915,
-4.366201,
3.9316704,
-7.4823356,
-10.656428,
0.030834183,
1.5403956,
0.3817544,
1.9288774,
-15.198939,
-2.6822584,
-3.7676318,
0.363984,
3.4992836,
-3.5734746,
-0.1343803,
1.7833275,
2.5751832,
2.28099,
-14.930422,
-54.202625,
-3.4336655,
-3.976987,
-4.7079716,
-0.044919074,
-0.032947697,
-0.8287484,
0.12704949,
-0.30916354,
-10.138687,
4.7105303,
-5.649005,
0.26846233,
-3.007996,
-4.708449,
-3.3749173,
-0.9907613,
-5.200633,
-0.96981823,
-11.786759,
-5.586915,
-12.266147,
0.389975,
-2.3702705,
2.5750535,
-6.6636543,
0.16414545,
0.8502273,
1.0821933,
-6.7632556,
-55.44468,
-10.428974,
2.3849652,
0.35283896,
1.8008243,
-5.461633,
0.8358567,
2.0180588,
1.9761409,
-6.9013114,
-7.9427257,
-25.793663,
-0.63738865,
-2.7477634,
1.0720934,
-8.067924,
0.53842604,
-1.0259947,
0.55722815,
-2.6613693,
-12.275757,
-20.581316,
0.3691385,
-1.4353344,
-1.5479292,
-7.597979,
0.39694414,
0.9860745,
1.2233409,
-24.901762,
-11.244137,
-67.712204,
2.5263395,
-2.3641453,
2.6913493,
-0.72296023,
0.8830671,
-6.118478,
0.5314544,
-21.444769,
-7.9522266,
-68.69289,
1.7294327,
-1.1007075,
2.260629,
-0.07266346,
0.7250767,
-3.2566013,
1.0797899,
-4.5480223,
-3.3672667,
-9.337594,
0.06527938,
-3.8870652,
-3.145167,
-0.10204224,
-1.0465151,
-0.6008996,
-1.4465374,
-4.6243663,
-2.0123599,
-9.350642,
-2.2921712,
-5.8421783,
-2.6776676,
-0.08761272,
-1.263741,
0.93164444,
-0.7393413,
-0.53506833,
-2.0197668,
-1.8898808,
-4.668576,
-3.1530771,
-2.937113,
-0.053917702,
-0.803195,
-8.787083,
-2.5281503,
-1.5969659,
-0.76415,
-11.827597,
4.31835,
-20.49168,
-4.4840207,
-0.036002457,
-1.1390467,
-50.668026,
0.44377726,
-4.1791677,
-8.202513,
-13.365188,
1.0326128,
-47.21891,
9.826441,
-0.16763596,
-1.3534352,
-1.278023,
-0.18481268,
-2.964304,
-9.682561,
-45.963375,
8.394098,
-1.9235334,
-3.1867738,
-0.11560989,
10.663347,
8.3874855,
3.3526378,
-0.35173023,
-9.098564,
-0.17489904,
-23.741638,
3.9349475,
8.346551,
0.029663663,
1.7335508,
23.49027,
7.6064725,
-0.01725457,
0.061029483,
0.062499154,
0.078132324,
37.621006,
-31.570381,
-0.027576286,
-38.08679,
-2.9909303,
18.37444,
0.058213986,
-0.008484124,
-0.076711275,
0.05012958,
0.042597618,
-0.017276222,
-0.060616832,
2.486271,
0.03094558,
-2.318594,
0.051168546,
0.0548038,
-0.046159673,
0.044113588,
0.033838194,
-0.08216313,
-0.02887258,
-0.0001793185,
-0.07875807,
0.0481629,
-0.030135343,
-0.040350318,
0.030010268,
0.010467963,
0.070526965,
0.028752178,
-0.0087457,
0.051901843,
0.00900818,
-0.033898402,
-0.05926381,
0.06771476,
0.026578879,
-0.034913402,
-0.03458107,
-0.028542146,
-0.014809814,
0.03996826,
-0.054786734,
0.017709877,
-0.04821657,
-0.009160157,
-0.045262802,
-0.08274672,
-0.0035012143,
0.017976526,
-0.026702343,
-0.0620132,
0.0073989676,
-0.027099062,
0.028443165,
-0.021872612,
-0.05337195,
-0.042392552,
-0.026027473,
0.08544722,
0.013108536,
-0.04166942,
-0.084752806,
-0.056956995,
0.0082556745,
-0.06611186,
0.028632052,
-0.037845068,
0.009607227,
-0.08675164,
0.046700828,
0.0015975679,
0.011080497,
0.08451213,
0.044715654,
-0.010235012,
-0.03899675,
-0.037509546,
-0.06359269,
-0.066544704,
0.02632292,
2.1559975,
-0.09494043,
-1.3036754,
-0.12095126,
-0.06866502,
-0.032818336,
-0.054625165,
-0.06775897,
0.03108888,
0.024700716,
11.385124,
-0.1006692,
-4.8755164,
0.005113026,
-0.01919349,
-0.045778517,
-0.38078514,
-3.8630083,
-0.1483544,
0.035111297,
1.6289331,
-0.6060962,
-0.5184741,
-0.13128555,
0.076486416,
-0.016382445,
-0.6392995,
-6.558855,
-0.27367723,
0.05502781,
-1.1067712,
-1.7710475,
2.303546,
-0.077212125,
-0.08171777,
-0.039401438,
-0.77325994,
-6.494124,
-0.3123001,
0.029035436,
2.8158748,
-1.7881386,
-0.49283814,
-0.07308956,
0.07289759,
-0.13880076,
-1.8222015,
-4.991923,
-1.9671955,
-0.08513074,
0.1777904,
-1.05197,
2.1628656,
-0.12888499,
-0.8179053,
-0.5912709,
-2.722897,
-7.4181333,
7.070751,
0.0327495,
5.1118608,
-2.3791063,
4.070043,
-0.16973862,
-1.6292127,
-3.5828598,
-7.324099,
-4.568175,
4.06408,
-0.07745556,
1.8708527,
-2.1834176,
0.75169283,
-0.20111214,
-0.3737258,
-0.34982586,
-3.793184,
-55.89638,
-0.60763514,
-0.019164277,
1.3905656,
-14.044821,
2.7257204,
-0.25340846,
-0.6605184,
-0.29858947,
-9.560085,
-12.919804,
4.623328,
-0.078979306,
3.604295,
-2.7594116,
-0.18956935,
-0.4099436,
-0.65729076,
-0.20456637,
-6.5276275,
-24.123798,
-5.6615815,
0.022792835,
4.7385445,
-4.9524856,
4.287217,
-0.26304758,
-0.030929662,
-0.1867528,
-5.4554963,
-6.2014513,
-3.1181352,
0.030321235,
6.2800565,
-1.0237762,
4.5449567,
-0.078894824,
0.035553925,
-0.06254529,
-12.140287,
-11.079123,
-3.7503238,
-0.10950303,
2.0656922,
-0.26059,
4.988036,
-0.14108293,
-1.6589066,
-0.026852196,
-3.9825215,
-9.222691,
-2.4877932,
-0.025477866,
8.57719,
-0.5913132,
-0.6761735,
-0.04847893,
-1.9193155,
-0.032455277,
-2.6864507,
-6.5691104,
-3.0922034,
-0.088932954,
0.115091756,
-0.766297,
5.638262,
-0.09376707,
-0.92715746,
-0.097678326,
-6.2323084,
-6.2314525,
-2.3203304,
-0.07048911,
4.881323,
-0.5375745,
-1.696197,
-0.114476174,
-0.008569644,
-0.1361261,
-6.4167256,
-1.8664114,
-3.5207553,
0.06793056,
4.646963,
-0.14004068,
5.2430463,
-0.30224574,
0.0022585704,
-1.1187961,
-7.947408,
-1.6388273,
-4.1650953,
-0.04759226,
-3.5506628,
-2.35359,
-12.657903,
-0.22486058,
-0.033202156,
-2.062122,
-20.745922,
-1.7023739,
-3.9734094,
-0.00039617703,
-11.7428255,
-8.900518,
4.764183,
-0.13189763,
0.017624019,
-0.08412743,
-0.04363789,
-0.22812223,
0.072184816,
0.006740387,
56.78859,
-0.051541544,
-42.709442,
-0.048022956,
0.07249472,
0.017025005,
0.04517022,
-0.021854391,
-0.0115911225,
-0.028491233,
0.068925254,
-0.08386943,
0.034100268,
-0.077950075,
0.0023443594,
-0.020791529,
-0.0062648365,
0.00030879697,
-0.066171534,
0.030934166,
-0.016182333,
-0.017056197,
0.032467153,
0.061443888,
-0.035265345,
0.0146636795,
0.022465974,
0.080014214,
0.012492466,
0.015191465,
0.050745983,
0.0078869695,
0.04116209,
-0.015033499,
0.04341978,
0.037152354,
-0.046616428,
0.014847543,
-0.08299625,
-0.06452966,
0.07102598,
0.0066786758,
-0.010869721,
-0.58843297,
4.018642,
3.2298262,
1.7647107,
3.060213,
5.795519,
2.1409113,
4.54964,
0.39867327,
2.4832509,
]
