[ 0.00350427 -0.07247064 -0.04837633  0.03643901  0.0384886  -0.04425964
 -0.02739369  0.05278396  0.03965776 -0.00350533]
[-0.01894269  0.01737104  0.01760117 -0.06604849  0.01350363  0.0851199
  0.06544804 -0.00014476  0.0467347   0.02563299]
[-0.00202385 -0.05523666  0.07717467 -0.03768438  0.02267776 -0.04114252
 -0.01011014 -0.07424665 -0.01767126  0.0042599 ]
[ 9.2998147e-05 -2.4823785e-02 -8.1819899e-02 -3.1596139e-02
  8.1656016e-02 -8.6227037e-02 -6.5811321e-02  8.4677018e-02
  4.1061677e-02  2.3960918e-02]
[ 0.01385623 -0.01325646  0.0599019   0.06843496  0.08488727  0.03520171
  0.00697704  0.05740304 -0.04427572 -0.00755866]
[-0.03822414  0.05925103 -0.05703993  0.01016898 -0.0128578  -0.06422594
  0.02731636 -0.04411804 -0.08064821  0.07063336]
[ 0.01019565  0.04906946  0.00387572 -0.02289809  0.02432339 -0.00517979
 -0.05758621  0.03487606 -0.00036104  0.01038357]
[ 0.08137337 -0.0042267  -0.04978755  0.00118396  0.06240792 -0.0858901
  0.03054248 -0.0161371   0.00728036 -0.03817419]
[-0.03729655 -0.03492447 -0.03800439  0.07867464  0.0300502   0.06401407
 -0.01184159 -0.02851456  0.01377255  0.0056774 ]
[-0.05423852 -0.07419546  0.04841759 -0.03552705  0.0128788  -0.05082198
 -0.02366398 -0.0451224   0.05707947  0.08181135]
[-0.02707789  0.03024274 -0.03327758 -0.02573965 -0.06269186  0.06631561
  0.03969461 -0.08202052  0.025411    0.01762445]
[ 0.05900665 -0.06713112 -0.03814383 -0.05901387  0.0111104   0.03788787
  0.03125991 -0.01651853  0.03505811  0.07879426]
[ 0.07202021 -0.00909977 -1.2168155  -0.19391188 -0.21018927  0.04151189
  1.8554778   0.01639378 -0.06949026 -0.15294775]
[ 0.05322979 -0.06923379  1.5771254  -0.22406095 -0.3225143  -0.01210897
  2.4131417   0.003837   -0.06134706 -0.08247877]
[-7.2280318e-04 -5.5855818e-02  3.3272009e+00  1.8271036e-02
 -2.9941808e-02  3.2091022e-02 -9.0029067e-01 -2.7021270e-02
 -6.5079644e-02 -2.7715708e-03]
[ 0.0214854  -0.04728449  0.40104705  0.01316775  0.07915349 -0.03308715
 -0.12055488  0.0152626   0.07137499  0.03619978]
[-0.05723663 -0.0387634   0.07937149  0.076828   -0.02269714  0.06915174
 -0.06953698  0.07615978 -0.0862567  -0.04798638]
[-0.05305812 -0.0564511   0.0187543  -0.0184659   0.08228094 -0.06527797
 -0.02259497 -0.02389252 -0.05134578  0.02355642]
[-0.01765361 -0.08117409 -0.0219344  -0.06350952  0.0279432   0.00916678
  0.01980093 -0.08505633 -0.06880193 -0.04293702]
[-0.00506586 -0.0649348   0.01345666 -0.02692631  0.03489705  0.0377107
 -0.07678227 -0.05839067 -0.01086821  0.0610972 ]
[ 0.06149334  0.06280882 -0.01196012 -0.00064168 -0.04574056 -0.059001
  0.06871995 -0.01572845  0.06169537  0.00838745]
[-0.03829774 -0.00954524 -0.04365132 -0.00455582 -0.07654142  0.08387747
 -0.02160127  0.08536141  0.06933527 -0.01752444]
[ 0.07388111 -0.05872806 -0.02849324 -0.01344943 -0.06752876 -0.0521028
 -0.01778617 -0.00906797 -0.06501149  0.01833284]
[-0.03456331  0.01282232 -0.08565532 -0.04797693 -0.00813578 -0.00476548
 -0.03905237  0.08450871  0.00506841  0.0666099 ]
[ 0.01277797  0.06433143 -0.02968676 -0.0434099   0.01795172 -0.03136951
  0.08575725 -0.01135307 -0.01412158  0.06292824]
[ 0.07933194  0.07588344  0.08492712 -0.08293672  0.07516763 -0.00867597
 -0.07869852 -0.00584924 -0.00174817  0.03355901]
[-0.02562012  0.06470511  0.06453335  0.06537899  0.01487213 -0.06384345
  0.04416995 -0.06750031 -0.04998548 -0.01368384]
[ 0.05607565  0.01700623  0.04770725  0.07967707  0.04976039 -0.00589892
 -0.04244893 -0.00911036  0.08026623 -0.06972923]
[-0.01785017  0.01492878 -0.07140404 -0.05270539  0.01189143 -0.02590298
 -0.0003337   0.01507141  0.03908154 -0.06378356]
[-0.08407975 -0.01535288  0.03672545 -0.07218312  0.05612085 -0.06690495
 -0.06157587 -0.04058737  0.05984315  0.08000433]
[ 0.08087618  0.00482934 -0.06404088  0.02284603 -0.08604312  0.02482513
 -0.00119891  0.07498889 -0.06977899  0.04245237]
[-0.02773473  0.02688745 -0.01158656  0.0753844   0.04862761 -0.02517838
 -0.06657702  0.02817894 -0.0129182   0.02496024]
[ 0.00681061  0.07176379 -0.20615354 -0.02152807 -0.0761833   0.08586612
  0.2899849  -0.01714867  0.01812474 -0.06036654]
[ 0.01818262 -0.02071217 -0.43446746  0.0484466  -0.05126075  0.00406174
  0.5433406   0.04000786  0.04258566 -0.02106573]
[ 0.00882667 -0.08407434 -0.35201743 -0.03966941 -1.180621    0.05809892
  1.0707548  -0.10988586  0.05966777 -0.0788445 ]
[-1.9000679e-02 -2.4757960e-01 -2.2934236e-01  4.5144953e-02
 -1.1551446e+00 -2.8680223e-03  1.4597251e+00 -8.3101526e-02
 -2.6598558e-02  2.3143501e-04]
[ 0.01293619 -0.8984785  -2.2391186  -0.37184522 -1.4881487  -0.34146655
  3.0955064  -0.22838226 -0.03362316  0.05841809]
[-0.01454049 -0.7861996   0.85692984 -0.23279074 -1.5572784  -0.1732952
 -0.34227908 -0.17835803 -0.01343212 -0.09539223]
[ 0.05522149 -0.6570971   0.4981735  -0.04754306 -1.652566   -0.148318
  1.7033647  -0.13977626 -0.27234617 -0.43976754]
[-0.067481   -0.12661974 -4.2131677  -0.18039525 -2.2617645  -0.45077446
 -2.1665483  -0.61586744 -0.24439293 -0.4475106 ]
[-0.01209859 -0.33597264 -2.7971056  -4.0404944  -2.62313    -1.0582618
  0.22414595 -0.6815254  -0.11872465 -0.5267758 ]
[ 0.02597303 -3.959092   -2.331497   -4.6234765  -2.6530628  -1.4081619
 -1.642184   -0.496971   -0.3008746  -0.35749063]
[-0.04768812 -0.5627851  -1.1668766  -2.1497672  -2.5029414  -0.73898906
 -2.2540474  -0.063955   -0.34181046 -0.13276471]
[ 0.00793418  2.9685786  -0.19256158 -1.3504587  -6.5466127  -2.02044
  0.5822211  -2.2077014  -0.34875163 -3.9276266 ]
[-0.08048999 -6.265196    0.5825977  -0.5419529  -6.7959304  -3.1268027
 -1.2730056  -2.344165   -0.47351632 -3.9403577 ]
[-0.01057949 -8.6191635  -0.91463405 -0.03994614 -6.323534   -1.6599705
  1.2282097  -2.2559059  -0.50069875 -4.0777903 ]
[ 0.03778982 -1.4121932   2.2976763   0.05244824 -2.0210395  -2.3348067
  2.694617   -0.01993351 -0.72225755 -0.22589386]
[ 3.1202551e-02  2.8785642e-02 -5.0137997e+00  8.6955242e-03
 -3.7999961e+00 -2.1227560e+00  9.0147228e+00 -7.4440338e-02
 -7.1997577e-01 -3.7341076e-01]
[-0.01386273  0.00892811 -1.5027283  -0.0759911  -6.569831   -0.9658404
  6.777915    0.07686693 -0.37325096 -1.2522688 ]
[-0.02598877  0.02903736 -0.86483145 -0.0464362  -3.6093922  -0.57145566
  3.8606465  -0.06154103 -0.25377044 -0.52330124]
[ 2.9647201e-03 -6.2049098e-02 -2.8856701e-01 -8.2353957e-02
 -3.1316767e+00 -2.4077002e-02  3.2753332e+00 -1.8261716e-01
 -1.0093112e-01 -4.8701862e-01]
[ 0.02890196 -0.06743351 -0.25420672 -0.05352608 -2.5081482  -0.11196487
  2.5734253  -0.21900992 -0.19737619 -0.61732954]
[-0.0122042  -0.02955814  0.07018939 -0.02715383  0.08562367  0.05977077
  0.02474175 -0.07987127 -0.04125054 -0.07219196]
[ 0.03596305  0.03306121  0.02232265 -0.00825185 -0.02276672 -0.08308523
  0.05999424  0.02149572 -0.01182758  0.05791115]
[ 0.02180953  0.04967988  0.0778827   0.03745423 -0.06175565  0.02108897
  0.02925633  0.03967588  0.07216974 -0.06276455]
[ 0.03062664  0.03957339 -0.07412887 -0.01304235 -0.07952385  0.08560329
 -0.00877438 -0.05080971 -0.06164846 -0.08039585]
[-0.02484814 -0.03464859 -0.06515637 -0.05487494  0.05174219 -0.00636887
 -0.00778706 -0.06288057 -0.01466318  0.04646055]
[ 0.02810764 -0.03225486  0.06726959 -0.02989748  0.04943448  0.06688031
 -0.04926774  0.01214293  0.0401492  -0.0632529 ]
[-0.05547685 -0.0766729  -0.00320304  0.00761292 -0.0987947  -0.0674956
  0.7739375   0.02263467 -0.08362301 -0.08898649]
[ 0.08326777 -0.01351302 -0.08274849 -0.0752558  -6.7122164  -4.172728
  5.8582273  -2.0305142   0.07843652 -2.3083997 ]
[-0.04814659  0.03824588 -4.43454     0.08298086 -6.6923428  -1.0541388
  5.874488   -1.9221697  -0.2999395  -2.1527312 ]
[-0.01641789  0.03610683 -1.7834277  -0.58726126 -0.22545457 -0.17584355
  4.8363113   0.0672155  -0.01437736 -0.09760664]
[ 5.4510690e-02 -7.3949374e-02  6.2705984e+00 -1.1662382e+00
 -1.0525569e+00 -1.4640690e-01  1.5322150e+00 -5.7292290e-02
 -7.2312519e-02 -1.3761573e-03]
[-3.4275100e-02 -6.3254309e-01 -4.5284927e-02 -1.2458193e+00
 -1.7190995e+00 -3.8886106e-01  2.2949536e+00 -1.0617716e-01
 -2.6667020e-01  9.6862606e-04]
[ 5.3960755e-03 -2.0377090e+00  1.2309674e+00 -1.2575001e+00
 -1.9781808e+00 -9.7515279e-01  5.4407005e+00 -2.6190844e-01
 -7.8609198e-01 -2.9636698e-02]
[-0.03116573 -2.43722     5.245238   -3.1917384  -9.733901   -1.1751806
  3.2311645  -0.41119573 -1.9075814  -0.38311267]
[ -0.08052243   1.3386458    2.1592803  -12.2533045  -10.46149
  -2.7180262    2.464576    -0.9201368   -4.057434    -0.7848973 ]
[  0.04604143  -0.66228586   3.1416888    1.7267052  -11.036121
  -4.5936923    3.6616518   -1.0315496   -4.7603807   -0.73690563]
[ 0.04013075 -3.6771858   2.537793    2.9902112  -9.742109   -5.2402115
  2.6964784  -0.7579834  -6.6506853  -0.5445664 ]
[  0.03747077   3.932386    -0.24763139  -0.31656805  -9.837261
 -12.845877     0.13800445  -0.42247078  -5.1407127   -0.9750935 ]
[ -0.05377427   0.12220177  -0.09054764   2.1451175  -16.522058
  -3.0098815    1.3210176   -0.1799216   -7.161656    -1.6205921 ]
[-0.04905314  0.7447467   2.0580573  -0.20052688 -1.1948262  -1.155445
  0.5767518  -5.171179   -5.0074067  -0.6751196 ]
[  0.02769361   2.9466505    1.0381719  -17.620716     1.5656471
   0.8419669    1.4101518   -5.7154284  -19.995579    -4.1389513 ]
[ -0.08765222  -1.65018     -0.47070956 -10.523041    -1.8403791
  -0.96713066   0.7753338   -4.2501197   -1.962505    -4.005009  ]
[ -0.074205   -10.9667425    0.50859684  -9.522587    -4.6186647
  -0.818872    -0.44383702   0.02348603   1.5012844   -3.236245  ]
[-0.0399634  -3.2286777  -2.0655987  -4.256816   -1.290982    0.71329135
  0.56099814 -0.09017653 -7.9117656  -1.1275545 ]
[-0.06936854 -3.4182017   1.1440499  -3.0294275  -2.8851247  -0.20457548
  3.0167012  -0.01570309 -3.7616444  -1.0003408 ]
[-0.08579202 -3.4915974   1.9546049  -2.2175422   0.05307763 -0.39426148
  2.137613   -0.0215722  -4.247335   -0.89393824]
[-0.04210288 -4.4319334  -6.3104067  -2.0325181   2.7263181   1.4712484
  2.268115   -0.0268649  -4.1772823  -0.618279  ]
[ 0.03432561 -3.098982    0.63279396 -0.15921846 -9.387916   -1.4341308
  4.882202   -0.17432986 -5.0315166  -0.6125773 ]
[-7.3451892e-02 -6.3603425e-01  9.4773226e+00 -8.5109562e-02
 -3.5562570e+00 -7.5927582e+00 -6.4190741e+00 -2.6162114e-02
 -3.6053708e+00  4.2266450e-03]
[-0.05326301 -0.14445166  1.8388844  -0.05190367 -0.9846482  -0.15417287
  0.59227127  0.02227174 -0.9457158  -0.06435403]
[ 0.03400782 -0.00883233 -0.00333872  0.06969043  0.00989375 -0.07486066
  0.05392105  0.0245716   0.057295    0.07627889]
[-0.04547295  0.01009204  0.07186087  0.01410764  0.03561675  0.02551138
 -0.0536756   0.00510134 -0.05426889  0.06989425]
[-0.04393699  0.08232125  0.03048832 -0.07315798 -0.06952954  0.02364158
  0.03666788 -0.04189229 -0.0206032  -0.04112656]
[-0.07824369  0.00813419 -0.02255913 -0.08235367  0.05465748 -0.03675124
  0.03787098 -0.07257275 -0.06357946  0.03315783]
[-3.38742137e-03  5.45548582e+00  1.40878713e+00 -4.35434437e+00
 -2.69354433e-01 -1.17593266e-01 -2.32963896e+00 -5.86040244e-02
 -4.75223684e+00 -6.49420395e-02]
[ 0.00926114  3.1266642  -0.2633257  -0.99293107 -6.867584   -7.16313
  3.7215693  -2.106058   -3.9174144  -2.538128  ]
[-0.06416499 -0.00833265 -6.175327   -7.509669   -6.6350164  -7.303046
 -6.9988246  -2.0492444  -0.31593552 -2.3528807 ]
[-0.06400431 -8.548346   -1.4433033   3.2867281  -0.24135992 -3.4196315
 -2.8797889  -1.4305232  -3.3053918  -1.7724535 ]
[ 0.03135231 -0.2259238   2.257899    3.5906608  -3.8028607  -3.9392982
  6.559746   -1.9643981  -3.5412579  -2.0739968 ]
[ -0.04007032   3.5757256    2.9693148   -3.9802842  -11.575363
  -9.466534     3.0538716   -3.9721522   -5.618844    -0.9363282 ]
[  0.03463599 -16.030813    -0.71236503   5.2701445   -7.169425
   1.4224427    1.8055345   -3.9552007   -6.3554463   -0.55578434]
[ 0.06771505 -2.1913404   3.7290294   0.8404504  -3.6782892  -0.33430025
  2.0330257  -2.1520183  -3.1078768  -0.78334165]
[-0.03577709 -1.684081   -1.1633801  -0.5801649  -0.93443817  0.9640059
  0.13938107 -1.8483105  -1.417983   -1.0391834 ]
[-0.01423715 -3.280784    1.1355753  -0.15770024 -2.3168776  -3.367435
  0.431664   -1.9115837  -0.01987725 -1.9184195 ]
[-0.04010851  0.60177314 -0.9438814   1.2226105  -1.6707668   1.4939084
 -0.6133016  -6.8933573  -1.36284    -5.4343724 ]
[-0.0268502  -0.77220714  0.9064193  -1.0009507  -7.3494635  -0.96261525
  0.25390464 -9.620605    0.8890229  -6.2663765 ]
[ 0.01382131 -3.1109252  -0.55900705  0.44588685 -2.0870159  -0.7785901
 -0.6048681  -5.650501   -1.7000792  -6.451779  ]
[ 0.04226486 -0.3538477  -0.3516344   0.3833762  -2.6536763   0.29626188
  0.13147415 -7.2173715  -0.1279875  -9.174994  ]
[-7.0933133e-02 -6.3787854e-01  6.9800295e-02 -5.6759313e-02
 -2.0210283e+00 -4.5829758e-01 -3.3556879e-01 -6.9563394e+00
 -1.7162035e-03 -1.1619347e+01]
[-0.08514322 -1.2101856  -0.0672004   0.05005707 -1.7011182  -0.6880396
 -1.1368867  -5.722406   -0.8256836  -4.2469797 ]
[-0.06250457 -1.002809   -0.6247146   0.7939886  -0.51578426  0.22370526
  0.33170688 -4.5981646   1.308831    3.4378173 ]
[ 0.01846314 -1.3511024  -0.43929398 -0.80660385  1.1570325   0.01680268
  0.4427854  -1.654995   -1.1334938  -0.34911847]
[ 0.06836516 -0.7134377  -0.93307245  1.7225634  -4.0461254  -0.31707564
 -1.1021711  -8.379125   -0.93526834 -2.451941  ]
[ 0.0427607  -0.26407716  0.323681   -0.49762484  0.23984115  1.8960879
  1.2915709  -8.846339    1.1019684  -1.8445352 ]
[-0.06591599  0.3592997   2.7396677  -1.20034    -0.12907979  1.8775625
  1.3156122  -8.338372    1.1167672  -0.22949694]
[ -0.07773594   2.8735447   -4.641916   -13.263321     0.43500322
  -1.9826704    1.1933572   -0.13538605   3.7280986   -0.04052805]
[ -0.03982858 -11.440111    -3.2350445   -2.42486     -3.6650593
  -0.6292166    0.54381573  -0.03965809  -5.6112413   -0.03448649]
[ 0.03288089 -4.2086983   2.136286    0.06447146 -3.0334077   2.5279205
 -3.4550192   0.05890048 -0.20370461 -0.1059531 ]
[ 1.8953159e-02 -4.0643625e+00 -2.4864945e+00  1.5682004e-02
 -3.2161758e+00 -3.6751719e+00  6.5979066e+00 -1.7404549e-02
 -9.1585903e+00 -9.4962120e-04]
[ 0.07463235 -0.04102484 -0.06604218  0.07628695 -0.06431004 -0.06816965
 -0.0065292   0.06606442 -0.03882335 -0.03918415]
[-0.04839084  0.02234255 -0.04444184  0.02373572 -0.05323425  0.07982207
  0.06493489  0.04688639  0.06219565 -0.06764089]
[ 0.04111857  0.02382653 -0.43662003  1.1565782   0.03455881 -0.8692244
 -0.05666693 -0.0247054  -0.02605938 -0.04296745]
[-7.6715246e-02  7.1528640e+00 -2.8197329e+00  3.6855714e+00
  6.6194180e-03 -5.9255924e+00 -5.1392283e+00  8.5256673e-02
  6.9763929e-01  3.6767125e-02]
[ -0.04036691  -2.441761    -4.7776856   -3.445345   -10.491879
  -7.125575    -5.346715     9.265906    -6.5248895   -0.16728994]
[ -0.02897529   1.2676967   -6.343179    -0.69503707   5.2742643
 -14.449859     5.2405267    7.0006194  -12.332646    -0.63994086]
[ -0.03655211 -12.541853    -0.14375857   0.7362289    4.330315
  -4.43753      1.0089906   -9.058688    -6.4851704   -1.9211203 ]
[ 2.32744161e-02 -1.43883352e+01  2.90567255e+00  2.82703899e-04
 -2.23965979e+00 -1.14045754e-01  1.58360004e+00 -1.18817158e+01
 -1.92546439e+00 -1.31387436e+00]
[ -0.06096578  -5.266883    -1.0352354   -0.5477093    2.515665
   1.1036192   -2.3058462  -11.126956    -0.03465438  -6.952719  ]
[-0.09498762  4.340065   -0.07833023  0.67124337 -1.7830098  -2.7074716
 -0.89624846 -3.0538013  -0.7257796  -8.659979  ]
[-0.01317583  0.5684227   0.2650123  -0.7961442  -1.2569132  -0.70785373
 -0.53269213  0.14914684 -0.23235922 -8.99148   ]
[ -0.03473938   1.0507288    0.4218103    0.8634006   -0.8295945
  -0.5283716   -0.67468286 -15.611138     0.13107198 -18.45966   ]
[ 0.07115057  0.44800958  0.48347476  0.35986146  1.1546676   0.75323415
  0.13830474 -1.8897563   0.04530652 -1.389774  ]
[ 0.04827088 -0.28071266  0.6732084   1.1263269  -0.62278336  0.43769062
 -0.3102861  -0.13904653  1.3969617  -2.3327568 ]
[-0.06680886  0.74793845  0.5671667   0.6540566   0.55195385 -0.24732764
 -0.35724175 -1.0851208  -0.5886232  -1.2108945 ]
[ 0.02366514 -0.25113103  0.48087078 -0.17792612 -1.9696808  -0.4534973
 -0.20066702 -2.3614852   0.64241    -1.6280094 ]
[ 0.06817768 -0.06952623 -0.11783464  0.43706056 -1.0011643   0.5194217
 -0.29230386 -1.4264115   0.03045185 -1.4824619 ]
[-0.00555687 -0.08156677  0.43609434  0.6218253   0.4103656  -0.20670009
  0.35118276 -0.559463    0.484458   -0.8113785 ]
[-4.0197959e-03 -3.6194380e-02 -3.7036195e-01 -3.3168247e-01
 -9.6896005e-01  2.2622712e-01  3.3764234e-01 -2.3031462e+01
 -2.5786990e-03 -1.9158473e+00]
[  0.03244039  -0.64698213   0.45834467   0.783497    -1.025558
   0.41064906  -0.14120191 -10.631062     0.49016216   1.1199175 ]
[-4.7363795e-02  6.3705111e-01 -2.6845801e-01  2.4317275e-01
  8.9117298e-03  3.1633827e-01 -1.2802814e-02 -9.8450079e+00
 -2.2564143e-01 -3.1351362e+01]
[-0.06697986 -0.75437087  0.1424017  -0.81367785  1.2607611  -1.0707077
 -0.62583107 -9.577589    0.27604404 -7.032527  ]
[ -0.04945612  -0.12290773  -0.92433167  -0.7430957    2.2277172
   0.61639684   0.1152722    4.2785616   -0.13302676 -11.384823  ]
[-0.06102791 -1.730836   -2.1158295   1.5823486   1.9336531  -0.0528978
 -0.48209646 -2.0036929   0.3101737  -7.723277  ]
[-0.04623558 -0.04995377 -2.7382917  -7.4188423  -0.07291428 -0.23127721
  0.9751732  -3.0037897  -1.1682968  -1.7799218 ]
[ 2.9439824e-03 -4.9455690e+00 -7.2233887e+00 -7.0015826e+00
  4.6066337e+00  2.2621901e+00 -2.0218275e+00 -1.7094623e-01
  1.9325457e+00 -3.9088956e-01]
[ -0.01756079 -12.514685     1.6858983   -0.23538876  -5.5154734
   1.8873485   -1.3276608   -0.14785737   0.37557915  -0.05695779]
[-0.06818423 -5.0369377  -4.329347   -0.05231143  2.4073086   1.5541617
 -6.6216702  -0.05365791 -0.39062554  0.04173294]
[  0.02015105  -2.8182113   -4.084683     0.07647466  -8.580185
 -12.040838     8.2963295   -0.06003309  -0.19123651  -0.07635833]
[-0.04252155  0.0525193   0.02051188  0.00739141  0.03667329  0.02658688
 -0.04719406  0.08180112  0.06617466  0.04669831]
[ 0.0671007   0.04129363 -0.01418944  0.05258692 -0.05489115  0.07164902
 -0.02574885 -0.08385676  0.05588176  0.07422211]
[ 7.0454329e-03  7.8545771e+00  6.2361603e+00 -5.0187688e+00
 -6.5945997e+00 -3.1862898e+00  8.1440325e+00 -4.0480202e-01
 -3.3554151e+00 -2.3643632e-01]
[-6.9219484e-03  1.2162451e+00  1.4643301e+00  1.6783612e+00
  7.1811814e+00 -8.8209562e+00 -8.1333704e+00 -5.8633929e-01
 -3.5830698e+00 -9.2241354e+00]
[ 0.04674242  7.2481394   4.205277    3.8312118   0.76884484 -6.031728
 -5.3100333  -9.013232   -3.801762   -1.1752877 ]
[ 0.0156043   2.4787495  -0.6945674  -0.20703477 -1.9428883   0.08138755
 -3.4359648   4.9641957  -3.612486   -5.841588  ]
[ 0.01319327  3.9151933  -0.4443531   0.2689373   0.35603592 -1.1841574
 -1.1499683   0.7149125   1.0936698  -6.2385635 ]
[-0.0784549   2.00178     0.18630677  1.291858    0.07251908  0.7719524
 -1.5279764  -0.6837445   0.6771295  -1.3551682 ]
[ 0.0361881  -3.5403059  -0.04314455  0.10099748  0.58794075 -0.20218876
  1.4113635   1.3729339  -0.43494153  0.8133355 ]
[ 0.06553891 -2.131905   -0.6662351  -0.02680247  1.2856354  -0.11836535
 -0.9680228   1.871998    0.36741635 -0.5852529 ]
[ 0.01354127 -1.3873714   0.27805242  0.13806292 -0.89587986  0.46988854
  0.48498458 -0.6214234  -0.27104205 -1.7501652 ]
[-0.0800033  -1.1967441   0.7281531   0.58165395  0.968006    0.6020292
 -0.7314688  -0.05246538  0.9784006   2.1032815 ]
[-0.07823496 -1.2955105   0.27713582  0.01403409  0.9753767  -0.596964
 -0.13516927  1.0317135   0.21768738 -0.06113787]
[-0.02813126 -0.6981054  -0.29758993 -0.26195458 -1.5093328  -0.1249373
 -0.8467818  -0.12492007 -0.1549522   0.00291056]
[-0.07831298 -0.9210644  -0.25495878  0.08111017  0.46441543 -0.3718321
 -0.27592492 -0.8728644   0.16564205 -0.65905356]
[ 0.01262821  0.330798   -0.35979724 -0.15438204 -0.07950164 -0.51690716
 -0.9566984  -0.8472971  -0.10771371  0.29452443]
[-0.00668672 -0.6419139   0.54528654  0.20273401 -0.6136653  -0.08742227
 -0.567714    0.31171596 -0.09155684 -1.5600418 ]
[-0.03964436 -1.6516242  -0.22705515 -0.32871512  0.05554449 -0.20521766
 -0.8564314  -2.1104238   0.19646731 -0.59339374]
[ 0.01425905 -0.31877917 -0.15467584 -0.5418477  -0.24967596  0.17821102
  0.32393128  0.23978783 -0.55421454 -0.5468802 ]
[ 0.02637649 -1.3465436  -0.80987585  0.19046348  0.2946843  -1.0617188
 -0.01925219 -1.5028747  -0.21825828 -0.6457293 ]
[-0.0841809   0.08157859  0.18981847  0.1230325  -0.4766264   1.2324232
  0.79520464 -2.1159875   0.61296695 -0.1502404 ]
[-0.03689866  0.40455145  0.1093557  -0.5357156  -0.5315557  -0.00785294
  1.0493062  -2.653945   -0.05567335 -1.5993673 ]
[-0.02533568  1.0042983   0.6786421  -0.13358274  0.21685706  0.1550686
 -1.0531542  -0.16013448  0.27006263  0.03860239]
[ -0.07954026  -1.2371254    1.3803128   -0.01891332  -0.5006566
   0.23190463   1.329411   -17.395119    -1.6021134  -11.131335  ]
[ 5.8198741e-05  2.8704104e+00  4.9153516e-01 -9.4574785e+00
  1.3379276e+00  4.7804922e-01  1.2763175e+00 -8.7862492e+00
  1.2062644e+00 -1.2117265e+01]
[ 0.02515985 -6.3496885   5.477958   -3.4282274   1.1716393   1.5292021
  0.6164303  -6.906525    1.9417834  -9.321665  ]
[-0.06785831  2.416009   -7.5058303  -1.3019493  -3.7657773   2.381982
  4.824625   -0.18365194  0.8472207  -0.44309762]
[ 0.06298784 -3.229471   -4.455662   -0.0745571  -1.770801    0.6029059
  3.8660963  -0.12582944 -3.4455342  -0.06711794]
[ 0.00220325 -0.05703564  0.0177753  -0.01840341  0.05165287 -0.0736253
 -0.06495214  0.04000687  0.07713342  0.02745166]
[-0.06262144  0.06309298 -1.165718    3.970025   -0.00468521 -0.25199383
  0.00630508 -2.9839492  -0.7320775  -1.7632987 ]
[-0.05735602 -2.903835    1.5174929   6.1318707  -2.9554093   7.2545924
  3.6285362   3.6494136  -5.5654054  -2.4490669 ]
[  0.01804505   1.2121116   -0.04861713   1.8573624   -1.0546135
 -14.43588      5.8572526    3.5378137  -15.591353    -9.932916  ]
[-0.0707246   6.01533     0.65597856  0.2840384  -0.36980766  2.4145668
 -4.8340464  -0.56431    -1.7310494   3.9351315 ]
[ 0.05939063 -1.4534799   0.05985434  0.3863441   1.0575647   0.40942678
  2.7855823   2.1554368   0.8681955  -9.293168  ]
[-0.03429507  2.793936    0.5914347   0.14752991 -2.449793   -1.3229675
 -0.4912467   0.83044285 -0.6915934   0.7100632 ]
[-0.07188015 -2.9246075   0.22201443 -0.47388548 -0.03274378  0.09136572
  1.18299    -0.8452901  -0.13207692 -1.0256864 ]
[ 0.07269564 -1.2559527   0.05361762  0.32079837 -0.10923597 -0.43570903
 -0.40717715  1.3285915  -0.00874429 -0.04819571]
[ 0.01642696 -0.3906483   0.07180992  0.36574692  0.18611714  0.03840907
 -0.27908924  0.23650216 -0.13421376  0.7081153 ]
[-0.05663211 -0.3571105   0.51852655  0.5204097  -1.1854938  -0.2691728
 -0.4282653   0.08998462  0.05718772 -0.7865263 ]
[-0.00286473  0.9156535  -0.14917773  0.68811464 -0.27915317  0.4508111
 -0.0242981   1.1004092   0.15636237  0.6514104 ]
[-0.03796706 -0.52552813  0.3198622  -0.35384285 -0.5391071  -0.06579118
  0.13042927  0.44169658  0.54217523  0.29444534]
[-0.0977662  -0.43339205 -0.30345538  0.6336313  -1.0858505  -0.27848023
 -0.7138637  -0.36122867 -0.23408718  0.02080693]
[ 0.07062351 -0.80239207 -0.00150515 -0.2588868  -0.5364275   0.00165823
 -0.43637896 -0.00291253 -0.04353939  0.61701465]
[ 0.03289247 -1.3257198  -0.01503833 -0.0447712  -1.3864906  -0.20138018
  0.24322714 -0.33434382  0.11070126 -0.43903208]
[ 0.03113087 -0.5194512   0.11248932  0.21767071 -0.75381947 -0.28346506
 -0.97668403 -0.23306654 -0.21237147  0.49542263]
[-0.07653123 -0.83802253 -0.60769594 -0.236322    0.06090533  0.3400432
  0.20846063  0.77150106  0.47622263  0.93264455]
[ 0.0701177   0.04908872 -0.26204666  0.7318811  -0.9641614  -0.3725848
 -0.91454965  0.12509584 -0.434288    0.31720775]
[-0.06239609 -0.79335827 -0.35377952 -0.598477   -0.5544957   1.2647773
 -0.24916005 -0.39672783  0.43730658  0.01531653]
[ 0.07131831 -0.04514933 -0.05590168  0.26113373 -1.0548197   0.2579451
 -0.5393415  -0.4310591   0.04726263 -0.28349012]
[ 0.04145661 -1.0808727  -0.61256135 -0.09777917 -0.18866758 -0.7755443
 -0.33342996  0.5868684  -0.3621614   0.3553064 ]
[ 0.01763233 -0.566185   -1.6541708  -0.35422766 -0.43383157  0.1310152
  0.05229827  0.45008585 -0.37353072 -0.38665247]
[-0.0234857   1.7830887  -0.20070916  0.4863053   0.58944684 -0.10734943
  1.0737437  -2.8175974   0.93197376 -0.9360109 ]
[-0.0608206   0.66009235 -3.8102858  -1.9681257   0.54226166  1.9317161
  0.22006708  0.998277    0.08762366 -1.7188969 ]
[ -0.0137346  -13.563891    -0.90315914  -8.088958     0.606978
   1.8783344    1.2272469   -3.059764     1.9823909    4.048348  ]
[ 0.05058082 -0.8670651   0.51907825 -2.8004498   2.0078      1.659291
  0.6825945  -0.4422212   1.6202911  -8.431092  ]
[ 0.03319178 -0.3074206  -0.28760496 -0.05297964 -9.538834   -1.5281619
  2.3980007  -0.02887661 -1.137488   -0.12628675]
[-0.08533814  0.07590009  0.08334237 -0.5951206  -0.09209207  0.03261718
  0.00504961  0.67129093 -0.01980864 -0.08580336]
[ 2.6738420e-03 -9.1794701e+00 -3.3736622e+00  1.1926317e+01
 -8.7236385e+00 -3.8698986e+00 -2.3162887e-02  1.7987360e+00
 -9.1018667e+00 -1.0090481e+01]
[  0.05109984  -1.7094841    6.186389    -0.8774718  -14.345914
   5.8522887   -1.487774     2.358435    -5.81306     -3.7022798 ]
[ -0.01504408  -6.1518264    1.7576758   -0.26275542  -0.59564495
 -11.670054     2.2039258    2.8920076   -4.096225     4.718138  ]
[-0.05899325 -4.21305     0.7517363   1.0376686  -0.02977767 -4.1083345
 -8.978046    0.8728395  -0.0887495  -3.8478575 ]
[ 0.02884226 -8.777421    0.21482712  0.9293719   1.444166    1.8809378
 -0.5016577  -0.9627803   0.61569345 -2.7556512 ]
[ 1.5067129e-04 -4.5899367e+00 -1.1947673e-01  1.4357263e-01
  1.6780177e-01 -7.8835154e-01 -2.2537203e+00  7.2401810e-01
 -1.1298184e+00 -5.8276320e-01]
[-0.05989041  2.0519342  -0.830616   -0.24474362  0.09729207 -0.5101195
  2.2223387   0.72737616 -0.61274904 -0.6460619 ]
[ 0.02118883 -1.4338225   1.4349341   0.62725055  0.2303337   1.0063564
 -0.6658597  -0.72334653  0.8995809   0.07659686]
[-0.09677855  0.10954996 -0.4546985   0.09607162  0.30934298 -0.16811548
 -0.11933097  0.58237743 -0.2902661  -0.2602518 ]
[ 0.02388434  0.64620036  0.19231717  0.13150541 -0.13482912  0.7933373
  0.28420734  0.5476846   0.30025175  0.26072398]
[ 0.03864874 -0.85107     0.20657939 -0.19401428  0.52214926  0.098111
 -0.01409303  0.21862376 -0.27628928  0.24339394]
[-0.06687164  0.920626   -0.02233107  0.57814425 -0.9958955   0.27247807
 -0.16999105  0.28199458 -0.09599092  0.34072292]
[-0.02172898 -0.66982263  0.42463005 -0.1639776   0.2847823  -0.09248755
 -0.46500933  1.0766209   0.29271024  1.2750561 ]
[-0.01798206  0.05009457  0.01362516  0.714468   -0.48630086  0.3438104
 -0.18216123 -0.2693851  -0.63848746  0.26038048]
[-0.01956226 -0.6246988  -0.11936995  0.04060508 -0.36792362 -0.5577141
  0.0280825   0.25565895  0.6346492   0.80841804]
[-0.09819351 -0.27452984  0.00857646 -0.01652141 -0.7609782   0.42566487
 -0.7072723   0.39252222 -0.09836425  0.3774716 ]
[-0.04605206 -0.750475   -0.73516166  0.14268988 -0.17249055 -0.41446796
 -0.8405095   0.20870456 -0.43482032  0.05904438]
[-0.02767333 -0.1737906   0.47744253 -0.27806982 -0.19677724  0.7624178
 -0.23908657  0.71469074  0.4481786   0.5031724 ]
[ 0.01923112  0.26441064 -0.39197224  0.36698115  0.38967913 -0.79536664
 -0.636316    0.13054283  0.02400685  0.01402539]
[ 1.6558647e-02  3.4086400e-01 -7.2094625e-01 -3.0135947e-01
 -5.5771437e-03  1.4836915e-03 -1.7385769e+00  6.3290012e-01
 -4.3002355e-01  5.0930595e-01]
[-0.06925935  0.4020819   0.08160751 -0.60136473  0.15843555  0.07257659
  0.59822434  0.66122746  0.42412427 -0.00212037]
[-0.06685127  0.1887975   1.9493129   0.41913733  0.96558744  1.7755067
  0.15596358 -0.20639998  0.60975474 -0.20114374]
[ 0.06275909 -0.29028356 -2.5454156   0.3395243   0.778204    1.0415308
 -0.04288739  0.20584811  0.461516    0.83112025]
[ 0.01966904 -2.010476   -2.2246327  -1.427518   -0.03776833 -0.18029954
  2.929264   -0.13822529 -0.6051235  -1.4797106 ]
[ -0.01700668 -10.79169     -8.0258875  -10.5599165   -0.8270493
   2.8886447   -0.5800194    0.4231654    0.5946764   -0.3956878 ]
[-0.02263762  5.4404826   1.5832999  -2.704445    3.2284055   0.7247166
  1.0867525  -2.17481     1.7150843  -8.871309  ]
[  0.02133349  -0.81505     -0.1842504   -0.06711514 -10.30331
   3.8902972    0.91008276  -0.1664285   -2.0213614   -0.14689535]
[ 0.04332874  0.01710517 -0.15017138 -1.8602408  -9.177589   -0.04244257
 -0.01620009 -9.689765    0.04360681 -9.429526  ]
[ -0.05978395  -9.089485     8.958053     0.7139078  -12.493807
  -0.3967941    0.06161179  10.027017    -9.084552   -10.707618  ]
[ -0.07358971  -2.9488425   -2.8035223   -1.0054228    7.2356973
  -4.722181    -1.3727417   -0.04031773  -9.272949   -11.472165  ]
[  0.05442017   6.6691437   -0.52600497   0.5868957    2.8360922
 -13.663634    -8.312315     1.0843762    2.845166    -7.420528  ]
[ 0.06758156  0.03239377  0.8022463   0.5247375   1.2357894  -3.0602443
 -8.755937    0.1799005   1.2083396  -0.5045475 ]
[-0.08905842 -4.121176    0.10565078 -0.20361397  0.5824777  -0.40342268
 -0.40119195  0.8933463   0.15797526  1.8993586 ]
[-0.07288292 -4.1319604   0.06263418  0.08398444  0.33302355 -0.47255227
 -1.194903    0.06036998  1.1326921   0.5833284 ]
[-0.0274621   0.06859978 -0.02475745  0.2557891   0.564377    0.35031593
 -1.2954108   1.3202071   0.20554376 -0.62496763]
[-0.0848214  -1.5402882  -0.22590233 -0.23941621 -0.31440374  0.28795275
 -0.19742206  1.1678451  -0.02786856  1.0072906 ]
[ 0.04427962 -0.6642698   0.05608277 -0.45844167  0.5345081   0.07811851
  0.6460575   0.4289921   0.29871795  0.10102057]
[-0.00334126  0.4111879   0.965387    0.51439387 -0.27348003  0.26436958
 -0.4360443   0.32974795  0.65198106  0.06886544]
[-0.02972332 -0.4848034   0.0165771   0.09360676  0.17207867  0.46801177
 -0.17590761  0.5420522  -0.10018597 -0.16072357]
[-0.07980464  0.36148837  0.00981201  0.24203297 -0.21392539 -0.03288819
  0.15274811  0.79797846  0.5570741  -0.38631275]
[-0.03848605  0.18894838  0.37015837  0.4951229  -0.5400882   0.20598817
  0.43032005 -0.7099655   0.5678581   0.19133456]
[-0.06444177  0.08996399 -0.10041759  0.11052132 -0.6559644  -0.563639
 -0.9958086   0.72839004 -0.09883846  0.58695513]
[-0.06933076 -0.56378436 -0.43769237 -0.19333535 -0.36695704 -0.2951006
 -1.1135626   0.20483635 -0.6161452  -0.13686411]
[ 0.0670315  -1.4365206  -0.5228074  -0.10290852 -1.1855781  -0.626542
 -0.72860056 -0.20064253  0.13778532 -0.0422942 ]
[-0.08847483  0.4978726  -0.00888315 -0.16455178 -0.12856314  0.10930573
 -0.160492   -0.15870781 -0.26299265 -0.06936356]
[-0.06883789 -0.77812475 -0.70230395  0.6633058  -0.05144347 -0.17907229
 -1.0445781   0.5984323   0.1151228  -0.0026867 ]
[-0.06309128  0.39340422  0.39663616 -0.099045   -0.6221721   1.0312012
 -1.0895627  -0.06550228  0.39380848  0.09244153]
[-0.06550954 -0.958692    0.3878627  -0.00229967 -0.38550514  0.6709689
 -1.4005176   0.25921702  0.0954907  -0.55141664]
[-0.00346168 -0.5954618  -0.81815726  0.14038369  0.84021467  0.04467477
 -0.36252335 -0.23321415  0.1929763   0.90804094]
[ 0.06409201 -0.61207926  0.4501225   0.5800205  -1.4082842  -0.4883549
 -2.8941967   0.31156337  0.1359591  -0.76677364]
[ 0.02342567 -2.291916    0.4692802  -2.4087806  -1.1334375   0.49766684
 -3.0874104   0.41400748 -0.41900378 -0.6367876 ]
[-1.1379933e-03 -3.5511968e+00 -7.5633721e+00 -1.9724541e+00
 -6.1964363e-01  1.5661012e+00 -2.8848404e-01 -2.7368615e+00
  1.0227842e+00 -1.3421485e+00]
[ -0.06740899 -13.641413    -3.5882926  -10.253497     4.2520385
   2.1928453   -0.34939653  -2.7313       1.1239021    1.09614   ]
[ 2.6652808e-03 -3.7599258e+00 -1.1037937e+00 -1.0672182e-01
 -2.1303907e-01  3.4903183e+00  2.0885181e+00 -7.2870004e-01
  1.8613285e+00 -6.3181024e+00]
[ 0.03648552 -0.53621334 -0.06121142  0.00704706 -5.9304295  -0.31025487
 -5.8951077  -0.5624489   5.1025963  -0.04424344]
[ 0.02575135  0.05226367 -0.02390518 -0.5809753  -0.66448605 -0.05504265
  0.0262445   1.7529352  -0.05763664 -0.8755785 ]
[-1.2372644e-03 -7.2381701e+00 -4.4008808e+00  2.2411551e+00
 -8.5459795e+00 -1.6049233e-01 -3.6341333e-01  7.5024657e+00
 -5.2537351e+00 -7.0069919e+00]
[ 0.04204658 -3.7185915  -5.2077417   2.6424577   6.277464   -9.34172
 -1.662539   -0.4295048  -9.542749    1.5980182 ]
[  0.06041198   3.7634528    1.0725719   -0.76969236  -3.2101429
 -11.292037     3.3953915    0.08918133   0.4916015    1.7737335 ]
[  0.03837929 -13.212896    -0.8741183    1.354857    -2.1897776
  -0.6232454    4.195892     0.73880893  -2.5451226   -0.18660483]
[ 0.00390448  0.8395147   2.9016793   0.09231462  1.1749382  -1.7949893
 -0.72490454  0.92794484  0.5295361   0.33878258]
[-0.01767214  2.613851   -1.2545807   0.30552316  0.619357    1.0795118
 -1.0520314   0.7461898   0.4821347   0.64354163]
[-0.01230331  1.3528897   0.36667976  0.4420133   0.32262528 -0.77439874
  1.6734252   0.09223779  0.07655556  0.6123436 ]
[-0.01513467 -0.62789744 -0.23939514  0.35744378  0.05464486 -0.29672545
 -0.64879674 -0.11094315  0.5666921  -0.21139367]
[-0.02859804 -0.77855945  0.04874676  0.22315603 -0.30749813 -0.39682665
 -0.97124285 -0.31962258 -0.2741822  -0.49270764]
[-0.1007833  -0.88798845 -0.74093616 -0.7193922  -1.0105122  -0.58190775
 -0.63693094 -0.5953434  -0.636678   -0.07206302]
[-0.0141834  -0.781635   -0.03162163 -0.908122    0.00904562  0.30736905
 -0.469495   -0.15752785  0.18495049  0.04096518]
[ 0.05259798 -0.8059814  -0.13050613 -0.55516917 -0.19133072 -0.37250116
 -0.78528416  1.2439424  -0.8865209   0.06766254]
[ 0.00314613 -0.24715832 -0.6640902  -0.95043945 -0.33096457 -0.28782824
 -1.1195014  -0.6961839  -0.24589424 -0.26253   ]
[-0.07888129  0.11149581  0.11902286  0.1940035  -0.75102395 -0.418038
  0.10896114  0.9669682  -0.2696248  -0.05188962]
[ 0.02720497  0.554944    0.15148194  0.34329706 -0.91041034 -1.3901045
 -0.5535204   0.10805997 -0.8939336   0.31087467]
[ 0.01733866  0.5152764   0.2609978   0.20446245  0.31392756 -0.4575541
 -1.3396257  -0.00784129 -0.28151736 -0.444244  ]
[-0.05344705 -0.65357363 -0.21108648  0.17853896 -0.47729757 -0.46238777
 -0.91797143  1.2359878   0.23771547  0.3012081 ]
[ 0.01670983 -0.11696709  0.05014047 -0.37776446 -0.09470151 -0.65137494
 -1.7094398  -0.00439862 -0.5897347  -0.2059346 ]
[ 0.01355881 -1.629334   -0.21452291  0.13040057 -0.58650774 -0.59323955
 -0.3047228   0.01606162 -0.305877   -0.61879337]
[ 0.03251877 -0.20546137 -0.18487853  0.79365885  0.21643881  0.6713855
 -0.63043296 -0.24822102  0.21828441  0.2420581 ]
[-0.07255882 -0.3081244  -0.16402651 -0.3379001  -0.73960847  1.0454842
  0.40671995 -0.29029268  0.0323392  -1.2266244 ]
[ 0.03771423  1.2019839  -0.05216261  1.0390537   0.10458876  1.3913187
 -1.4282178  -0.02112935  0.313074   -0.01338117]
[-0.02045191 -0.3036697   0.12341424  0.7192858   0.6597962   0.35326135
  0.38743037 -0.37673205  0.50916094 -0.7868223 ]
[ 8.3707841e-03  3.1814547e+00 -9.5188570e-01 -1.0830943e+01
 -1.4521749e+00  3.9560850e+00 -3.2562041e+00  2.3990967e+00
  2.3907176e-01  4.6966833e-01]
[  0.02315855 -14.909087    -1.0113609    5.22197     -1.0979172
   2.0759528   -0.6570603    3.6340458    2.8844376   -2.495867  ]
[ 0.07121762  4.3339486  -6.7791247  -3.7163076   2.5205984  -0.10096273
 -6.5257506  -9.88754     0.7940323  -5.293757  ]
[ 0.03201719 -3.5162888  -0.11696286 -0.08357674 -7.457458   -1.957625
 -0.8473278  -0.23472811 -6.9025226  -5.083229  ]
[-1.03425056e-01 -5.28261177e-02  7.41405785e-03 -3.45410556e-01
 -7.31918931e-01 -8.85986686e-02 -4.58303019e-02  1.58240783e+00
  3.46973655e-04 -9.25648749e-01]
[ 0.01968756  1.9576079  -4.876146    0.07052379 -3.6757207  -0.24370612
 -0.04177209  3.1600463  -3.2991254  -3.9634655 ]
[-0.04961129 -3.672735    2.0871055  -3.5930748   1.6507423  -1.1034303
 -2.0215983   2.1592     -7.630109   -7.6050696 ]
[ -0.08551382  -6.847492     0.84912014  -0.3798857   -2.0662885
 -12.081261     4.523077    -0.52497137  -3.664485     0.40082285]
[  0.0257072   -5.4074326   -1.7570225   -0.26846352  -1.0056365
   2.2795484  -13.602966     0.49328762   1.7522222   -1.5192957 ]
[-0.01790277 -1.5312289   2.117002    0.41373533 -0.5654863   0.86776227
  0.11738888  0.30010104 -0.12340824 -0.50004953]
[-0.08501402 -2.0072308   1.5304917   1.0659121  -1.4954767  -1.2222587
 -0.5027808   1.2366468   0.45652685  0.9418361 ]
[-0.0102594  -0.8060534   1.131953    0.25850427  0.30312365  1.7339249
 -0.13774383  0.42315692  0.5928214  -0.23558411]
[ 0.03249433  2.3688567   0.02593824 -0.07573861  0.17853181  1.2119721
  0.3055125   0.3885149   0.06610913  0.46724108]
[ 0.0519607  -1.3639511   0.05590736 -1.1056222   0.47353953  0.8802133
 -1.0151839   0.8504366   0.3166261   0.44603726]
[-0.10156419  0.32534054  0.9351849  -0.3730577  -0.07021927  0.44376114
 -0.330792   -0.0971662   0.7242862   0.02212674]
[ 0.02467847  0.6795865  -0.65292585 -0.41200173 -0.40181345  0.40861762
 -0.28654248 -0.29903066 -0.04732371 -0.13991484]
[ 0.0307276   0.13392836 -0.10952018 -0.99344856  0.18995488  0.4312507
 -0.56081057 -0.8220138   0.5267236  -0.1295826 ]
[ 0.02030694  0.4344129  -0.5555948   0.55123514 -0.92418987  0.16403489
  0.08562018  0.64931935  0.12872615 -0.5310751 ]
[ 7.0809590e-04  1.1447968e+00  7.6532282e-02 -4.8634667e-02
 -8.5045165e-01  4.9853116e-02 -9.3453956e-01  5.2382803e-01
 -7.4343026e-02  3.1678554e-01]
[ 0.04078838  0.96045387 -1.1578944  -0.56676733  0.09479616 -0.57735157
 -1.0451863   0.42327705 -0.71253806 -0.48259586]
[-0.01081847  0.06097963 -0.30421337  0.1776233  -1.0629642  -1.1028246
 -0.12946367  0.6985961  -0.5841304  -0.15785116]
[-0.08645129  0.05030396 -0.16335261 -0.5669272  -0.40155897 -1.1521386
 -1.1109093  -0.6876605  -0.9661038  -1.0885111 ]
[ 0.05963755 -0.75700575 -0.22416088 -0.02548488 -0.08441096 -1.4256171
 -0.24619278 -0.08004461  0.34183136 -0.01441208]
[-0.07910395 -0.46296617 -0.8324091  -0.20074916 -0.08621258 -1.9252433
 -1.2091889   0.18270601  0.16368869 -0.04601466]
[-0.02669818 -1.9431198  -0.5330253  -0.20646155 -0.5156439  -1.8109585
 -0.39860773  0.5668215  -0.21186237 -0.22583178]
[-0.06202471  1.049203   -0.2604149  -0.7221361   0.0777514   1.8403573
 -0.49555504  0.4598022   0.28369352  0.00675372]
[ 8.2191854e-04 -3.8204435e-01 -1.4798609e+00 -1.4899535e-01
  8.9720923e-01  1.4817038e+00 -1.4834459e+00  1.0261507e+00
  6.2329835e-01  9.3896413e-01]
[-0.05775346  1.6873264  -0.23005888  0.81184804 -1.6057646   2.1060638
  0.6959091  -0.6677895   0.49831182 -0.52874696]
[ -0.02467442  -8.851225    -2.3482144  -18.844147     0.6097389
   4.8702807   -1.4107901   -1.3378012   -0.12944922  -0.543953  ]
[-0.06157863 -2.7847874   1.5728785  -4.192355    2.239619    3.271732
  2.0166957  -0.3544814   0.12286258  2.6365745 ]
[ 0.03633563  0.05599171 -4.4527516  -5.4890084  -6.1581903   4.3483734
 -2.4010446  -3.2505114   2.0742853  -0.6732954 ]
[-0.01663136  9.294713   -0.42987218 -1.168519   -3.838886   -6.546076
 -8.841185   -0.13288797 -0.5397504  -5.6531343 ]
[ 0.04329873  0.01365595 -0.07843621 -1.9796032  -0.3152032  -0.0478588
  0.00522103  3.6303196  -0.0097643  -0.38836235]
[ -0.05902318   3.2731514   -2.250141     1.3445166  -10.859109
  -0.6375821    0.02946616  -5.499157    -1.9055488  -10.68023   ]
[ -0.04595683   3.3608449  -12.262573    -1.2197275   -1.8422798
  -0.7012786   -2.0268292    3.6496508   -9.201054    -1.9254057 ]
[ 0.07162996 -1.9370143  -1.4939544   3.2122617   2.300683   -9.783141
  0.09381531 -1.245008   -1.4544326  -0.7090395 ]
[ 0.00921195  4.98096    -1.4563646   1.4025376  -1.284376   -0.8152226
 -7.5799017   0.9432536  -0.6134997  -1.4163009 ]
[-0.10859361 -2.390014   -0.7336964  -0.784187    0.32591057 -0.26620904
  1.8934921  -0.15264961  0.3283951   0.14222468]
[ -0.04060753 -13.455523     1.5354615   -0.3490068    0.06544437
   0.40118733  -1.4089606   -0.799827    -0.21509074  -0.34962094]
[-0.09810515 -0.62523794 -0.79006386 -0.81245494 -0.22965524 -0.22305356
  0.24884157  0.75829446  0.68135893  0.83201593]
[-0.06941224 -1.7141513  -1.0235101  -0.81390756  0.01992479 -0.5570283
 -0.5391409  -0.8302656   0.2532684   0.6331058 ]
[ 0.06867263 -0.77291745 -1.0109771  -0.27115026  0.81086266  0.1680504
  1.1275936   0.08731784  0.58776855  0.19432577]
[-0.07036385 -0.39275557 -1.9588922  -0.8650623   0.76406705 -0.16262545
 -0.43565568  0.89547306 -0.14019066  0.7192478 ]
[ 0.01770114  0.11467492 -0.6072888  -0.04731817  0.3612694  -0.10790244
 -0.37462413  0.47459084  0.46536133  0.65570253]
[ 0.03772388 -1.0542661  -0.86815304  0.16688043  1.6937777   0.4191287
  0.32978526  0.46650782  0.2499151   1.0124279 ]
[ 0.05527879  0.81509656 -1.3792869   0.24527737 -1.7183169   0.7839069
  0.31425548  0.05564948  0.2796348  -0.00919095]
[-0.00470656  0.93671364 -0.40225855  0.7668389  -1.0373396   0.5939971
  0.56483746  0.9520583   1.2799934   0.35344604]
[-0.01954909  1.4759122  -0.23067543  0.6999506   1.0273744   0.049705
 -0.6235845   0.756524    0.30599195  0.66243124]
[-0.07393052  0.64314014 -0.03892547 -0.5542312   0.8175265  -0.5706083
 -0.1046657   0.54660183 -0.15500739  0.3593499 ]
[ 0.06214625 -0.9771967  -1.0587782   0.44976774  0.22417699 -0.2436679
 -0.816119    0.36232945 -0.44425935  0.80992115]
[ 0.03428433  0.8754009   0.7349056   0.07722969  0.18437363 -0.01978466
 -0.37282974  1.0807451  -0.18168433  0.50982803]
[-0.07986943 -0.5876508   0.9828571  -0.2446523  -0.1252678  -0.7217128
 -0.25381336 -0.30230975 -0.4312505  -0.37032366]
[ 0.06879932 -1.9677881  -0.8445464  -0.36002734 -1.4176152  -5.3211346
  0.06309449  0.10348863 -1.0080525  -0.05644858]
[ 0.04856959  0.09742976 -0.5244603  -0.47489047 -1.7076377  -6.3485456
 -0.83144295 -1.1808586  -0.91344994 -0.9134634 ]
[-0.06573365 -4.321619    0.00784739  0.08549455 -0.7254568  -3.3021936
 -0.88047177  0.5465408  -0.3201235   0.3300599 ]
[ 9.6182630e-04 -1.7206861e+00 -1.8624548e+00  2.1975846e+00
 -3.8520775e+00  3.4851077e+00  6.4774625e-02 -3.1423726e+00
 -1.7469076e+00 -2.9385190e+00]
[  0.08434888  -4.09609     -1.0843532  -10.122695    -3.9067886
   0.3267679   -1.7965688    0.13127962   0.7327032   -0.44475853]
[-0.02606095  2.2283392   0.46144503  0.47455326 -1.8094232   7.8953133
 -1.4050055  -4.608206   -1.2251724  -0.60231036]
[  0.01593214   2.3416495  -15.1523285   -5.249746    -5.1363554
   5.3309445   -1.1027625   -3.5714955    4.5207677    0.41476014]
[ 0.02353833  9.519622   -9.577119   -1.9256524  -8.61413    -2.985933
  5.047203   -0.20994101 -7.9509788  -2.249314  ]
[ 0.07520684  0.00312994 -0.08087561 -2.038555   -0.08181753  0.03142016
  0.02380332  2.5815628  -0.09632803 -0.029034  ]
[-0.07803252  0.07282713 -0.38531977 -0.14995421  0.5724448  -0.83570147
 -0.05691712  7.3739657  -0.4288084  -6.673342  ]
[-3.5615787e-03 -9.3432150e+00 -7.5741851e-01 -1.8569423e+00
 -1.7048756e+00 -3.9255841e+00 -5.0617781e+00  1.0304662e+00
 -8.6557293e+00  1.1561174e-01]
[-0.07014041  5.417455   -3.7438495   0.13163185 -0.26248994  2.5095682
  0.5337869   0.32082465  4.149028   -0.88154674]
[-0.05990322  5.7305474  -3.107201   -0.98894095 -2.0501876  -1.5404047
 -3.885005    0.83987916 -0.3467507   1.005901  ]
[ 0.04612192 -5.56842     0.0841762  -2.6483505  -0.08997332 -0.99514616
 -2.5637188  -0.8916636  -0.14742164 -0.8479995 ]
[-0.08350158  1.2518647  -4.369956   -2.3676972  -0.07432857  0.70288944
  0.07859922 -1.5614223  -1.2180803  -0.03086921]
[-0.03913026  2.1601908  -5.3053517   0.08019464  1.4314634  -0.04694289
 -0.4009995   0.6888653  -0.11081997  0.1179782 ]
[-0.06242245 -2.412521   -1.7514267  -1.7351519   0.19137558 -0.18842211
  0.8432773   0.87867117 -1.0079331  -0.22471307]
[-0.03735483  1.2858005  -1.6018149  -0.27209678 -0.11503553 -0.4469531
 -0.2553579  -0.21405892  0.09691473  0.5209517 ]
[ 1.14246635e-02 -1.06649256e+00 -1.17719185e+00 -3.07365712e-02
  3.37893903e-01  1.11843713e-01 -3.12669988e-04 -9.37949836e-01
 -2.68992722e-01 -3.79458398e-01]
[ 0.02210919 -0.64030254 -1.01088    -0.00576255  0.58809114  0.49626115
  1.0563854   0.46721533  0.08069671  0.72469765]
[-0.07780774  0.3135767  -0.8686591   0.11176187  0.94241273  0.00984014
 -0.15843755 -1.1695156   0.12160111 -0.970453  ]
[ 0.01268791  0.15081714 -0.9010224  -0.25769144  0.8178898   0.26345745
 -0.20172587 -2.0036056   0.23139095  0.18835199]
[-0.0921004   1.8006605  -0.6185305   0.71421385 -0.40177596 -0.19873258
  0.12068084  0.4926495   0.42580712  0.37298018]
[-0.05003505  0.76200026 -0.4484413   0.43524238  0.07800375  0.41422433
 -0.4703273   1.05378     0.24864985  0.83448285]
[ 0.02442035  0.01382709 -0.7210375   0.07814427  0.5100782  -0.63735694
 -0.27277008  0.69017386 -0.09480611  0.554422  ]
[-0.08555016  0.18128571 -0.07725558  0.06079041 -0.15763243 -0.5117804
  0.36796686  0.7336866   0.4183676   0.20140944]
[-0.01455804 -0.00385755 -1.2050279   0.38845617  0.28735873 -0.57201326
  0.2015061   1.1446196  -0.05816089  1.0248972 ]
[-0.02483211 -1.2720225  -0.6266463  -0.4804838  -0.07790098 -1.2919574
 -1.5410008  -0.3839418   0.16407835  0.22749521]
[-0.08047702 -1.3394765  -0.23898657 -0.2913494  -0.12738003  0.8630645
 -0.60554576 -0.7906616   0.06059841 -0.3215595 ]
[-0.03768924  0.77893835 -0.46212888 -2.3719087   0.5397995  -3.2192838
 -0.58632547 -0.7784812   0.44786462  0.48236945]
[ -0.03725814  -2.5003817   -0.50657547  -3.1660125   -0.78929144
 -16.703373     1.0565124    0.07195529  -0.9618123   -0.9054172 ]
[  0.06840477   1.6265371   -0.76074773  -4.2142653   -0.47408116
 -13.440806     0.6152492    0.06060695   0.7826959    1.5631386 ]
[  0.06828901  -8.869725     0.25953066  -1.4155673    3.070272
 -11.556159     1.1016327   -7.505995     2.5924387   -0.08790102]
[ -0.02773978   2.7219906    0.9802513    9.901622    -2.1508112
   1.9098227   -0.67683524   1.4403076   -3.800986   -11.805146  ]
[ -0.03162223  -7.650678     1.9729964   -4.2397885   -5.3551116
   8.158631    -8.237287    -2.8297036    1.1023138  -12.343743  ]
[  0.08600619  -1.8583125   -9.512458    -1.9770763  -10.359044
  -2.108786    -0.06624103  -0.17940307  -4.2721534   -1.6427393 ]
[ 0.02606943  1.9491917  -0.29255292 -0.532665    0.04995266 -0.08178798
 -0.08735961 -0.84417856 -0.3569889  -0.61269313]
[-0.06354036 -0.01034804 -0.1722289  -1.2405928   5.428013   -0.8513233
  0.00956082  0.72411436 -0.10004296 -6.167184  ]
[ 0.03514947 -9.168439    4.9931087  -9.184339   -2.2355452  -4.823302
 -2.0893974   1.8429141  -6.350098   -0.45898297]
[ 0.02150935  6.4614606  -5.588826    1.4922879  -1.1557453   1.9790992
 -1.2137046   1.9088218  -0.23846714 -1.0268786 ]
[ 0.01230668 -2.0366313  -3.6260855  -1.7860788   0.93801504  0.83829075
 -5.279696    1.4562439  -1.509303    1.8311187 ]
[-5.5871122e-05 -1.3862499e+00 -5.6571274e+00  1.2569679e+00
 -7.0982081e-01  5.3407079e-01  1.4532074e+00 -9.0168673e-01
 -5.0363928e-01  2.3514827e-01]
[ 0.02980152 -2.7845316  -3.0941684  -0.0278023  -0.14021014 -1.8961147
  1.3408751   1.8133113  -0.12436128  0.23732963]
[-0.06241135 -1.7443011   0.23978098 -0.40168276  0.5976724   0.7280694
 -0.65871125  0.2322516   1.0927647   1.0639977 ]
[-0.07354297  2.3340611  -1.016879   -0.15386641  0.5518494  -0.941181
 -0.5755976  -0.07020827  0.53709877  0.6714196 ]
[0.03987988 0.21960072 0.05726948 0.1924852  1.1487566  0.60985714
 0.37036502 0.18571839 0.353549   0.26038375]
[-8.3326995e-02 -1.6676878e+00 -2.1638118e-01 -3.3611797e-02
  8.6663294e-01 -1.3599984e-03  3.1847590e-01  1.1317025e-01
 -2.7658010e-01  1.9969533e-01]
[-0.08806662 -0.49807936 -0.1399811  -0.36121655  0.7752526   0.30769864
 -0.9179081  -0.10809002  0.0092185  -0.11545878]
[-0.01792308  0.02968959 -0.18543585 -0.1141134   0.5765682   0.35625058
  0.3729562  -1.4585291   0.04218414 -0.55604124]
[ 0.04873977  0.3368495   0.54375386  0.61886156 -0.49875566  0.49480549
  0.8937924  -1.0893062   0.98840684  0.5478131 ]
[-0.08830334  0.96542174  1.0109807   1.0499352   0.5890661   0.5656958
 -0.0944315   0.45391628  0.51033556  0.8068783 ]
[ 0.00692355  0.49924982 -0.5551181  -0.21055895  1.0852653  -0.34506112
  0.23320885  0.4809597   0.76241297  0.7301584 ]
[ 0.02987069  0.86367375  0.17882253  0.6790756   0.7027957  -0.55724794
  0.36267602  0.66389024  0.3549404   0.8878615 ]
[-0.03175351  0.70349324  0.04070331  0.08777883  0.12407605  0.1108385
 -0.60468376 -0.07838766 -0.17288584  0.270737  ]
[ 0.04701917  0.65940005  0.33496138  0.66063964  0.9095415   0.03775596
  0.34908718 -0.02702     0.31257555  0.65101725]
[ 8.4135792e-04 -2.0981667e+00  7.5652950e-02  2.9622754e-01
  3.8658518e-01  1.5586116e+00  4.4724479e-01 -2.5309494e-01
  4.4156849e-01  9.9825239e-01]
[ 0.07899062 -0.7689875   0.5101829   0.26581463  1.3929051   0.13751008
  0.13961485  1.4930212   1.1450293   1.4454445 ]
[-0.00404695  1.5207812   0.33881333 -0.21065871  1.4987563   1.2990799
  1.3981076   0.746661   -1.0286546   0.6365743 ]
[-0.0386977  -1.0629686  -0.68473613 -2.5108776  -1.0132246   1.8787767
 -0.71474135 -0.1827182   0.65141886 -0.09544086]
[ 0.0387478  -6.499753   -0.53530765 -1.2383816  -1.561718   -5.425003
  1.3486404  -2.076225    0.86340564 -1.9203062 ]
[ -0.08295158 -13.932525     2.4760406   -6.2231894   -3.293492
 -13.872966     1.158222    -0.4091229   -0.7193809   -1.5634892 ]
[ -0.02542444  -5.4981203    0.05476499   2.1859903   -0.39327368
 -15.6106205   -1.6315118    0.7011406   -0.19458084  -4.201076  ]
[  0.012636    -3.538571     5.2633934   -4.2877455   -0.08777257
 -10.207643    -2.4724097    0.3718345   -1.605543    -0.32409272]
[-0.01366314 -0.07652771  7.7370934  -0.5926162  -3.9536076  -0.22684623
  2.2944412  -0.10560807  3.8225548  -0.04651142]
[ 0.0538707   0.06827099 -0.02095643 -4.191474   -0.0468122   6.995366
 -0.41909227 -1.5881473  -2.5745447  -6.302595  ]
[-0.07333114 -0.03418503 -6.930834    6.919691    4.276812   -2.9369204
 -0.02684198  3.429727   -2.0657957  -3.2144248 ]
[ -0.04653321   2.854501    -5.713946    -5.829499   -11.709944
  -0.46506187  -0.05251468   2.7192786   -0.7854947   -0.42735666]
[ 0.01153821 10.411243    0.43901327  0.53283113  0.6238991  -2.8342602
 -0.6197325  -0.12856048 -0.16554676  1.3505384 ]
[  0.07022697   4.800619     2.7660522    0.96574837   2.750636
   1.334642   -12.099651     1.8304014   -0.22633238   1.7490585 ]
[-0.05121947 -7.8801174  -3.8631732  -1.1800452   1.6780666  -0.9154462
  1.112453    1.7994094   1.621392    0.55369514]
[-0.0893462  -1.1020526   0.57088673 -1.5302835   0.4479386   1.6223733
  0.74921304 -0.7044825   0.9538796   0.19657177]
[-0.03736883 -1.613442    0.37256482  0.01288877  0.947223    0.47645068
  0.4688095   0.32057053 -1.2828107   0.44339344]
[ 0.06540592  0.53770024  0.84108365  0.3685599   0.32932845  0.75136626
  0.48027813 -0.09266824 -0.3553634  -0.3216569 ]
[-0.09613771 -1.0214188  -0.4794608  -0.01834549  0.3961883   0.27932054
  0.5854861   0.26435563 -0.44807288  0.21804328]
[ 0.02981061  0.06760517  0.4761892  -0.00843057  0.37495452  0.48224336
  0.8520484  -0.4243497   0.13967985  0.1683964 ]
[-0.0381633  -1.0442733   0.15827137 -0.429447    0.26126587 -0.03690762
  1.2895166  -0.13406597  0.4658601  -0.00333612]
[ 0.03442031 -0.18380395 -0.2692898   0.22391725  0.7037332  -0.0778317
 -0.25116423 -2.307633    0.10685084 -0.46436435]
[-0.08194182  0.06805956 -0.04857821  0.2485554  -0.03949569 -0.03715543
 -0.41995528  0.21958382  0.4017068   0.53356344]
[0.01468207 1.9698241  0.6709627  0.92212695 0.691729   0.89587826
 0.4880033  0.23332195 1.0302666  0.6230239 ]
[-2.8606012e-04  9.5754784e-01 -2.5250426e-01  2.8838143e-01
  3.9922670e-01 -3.9954982e-03  3.2521990e-01 -3.1953520e-01
  3.1628954e-01  5.3424454e-01]
[-0.07360277  0.5030253   0.03634355  0.00528632  1.0014733   0.00980445
  0.76379174  0.93588394  0.4704944   0.87251115]
[-0.00187186 -0.17100534 -0.7003103   0.26786444  1.2717625  -0.09576652
 -0.5755171   0.97420084  0.38144857  0.95132494]
[0.03876046 0.6171046  0.50589573 0.28429753 0.45790344 0.00606726
 0.4499835  1.0296012  0.05786077 0.6202911 ]
[-0.04864153  0.6812136  -0.38927436 -0.6840866   1.014361   -1.08353
 -0.16857448  1.5416639   0.12580073  0.17523079]
[-0.07046365  2.6437535  -0.18494366 -0.4174592  -0.13654377  0.7468531
  0.14909154  0.8204424  -0.70433915  0.2470979 ]
[ 0.02964397 -1.2103446  -1.5643648   0.0305262   0.2577184   0.12470909
 -0.405774   -0.36934397  1.1704766   0.1560123 ]
[-0.0322345   0.2916371  -0.10095492 -0.28365433  0.94499105  0.15628415
  0.2618728   0.00650363 -1.3285841   0.9241143 ]
[ 0.01495478  1.4797316   0.5943494   0.7187975  -2.3268492   0.19256487
 -0.97421056  0.9125156  -1.9879652  -3.0021765 ]
[-0.03063018  2.4681687  -2.6915438  -7.5986676  -1.6117483   2.520045
 -0.5178074  -4.5653806  -2.9738023  -7.6567464 ]
[  0.04957985   5.0444517   -1.512606    -2.3337169    0.5578898
 -10.495024    -0.0826114   -2.7140229    2.873789     1.5053179 ]
[ -0.06955928   6.564007     4.592569    -3.9536905  -10.006246
  -2.1531925   -1.066822   -11.254797     2.0842495   -0.41957998]
[-6.9372483e-02 -4.8683535e-02  1.1933221e+01 -6.6986954e-01
 -3.7388701e+00 -1.5545160e-01 -8.6519222e+00  2.1183131e-02
 -7.4282942e+00  1.1850403e-02]
[ 8.4861808e-02 -7.8485765e-02  1.5507489e-03 -2.9677856e+00
 -1.9616950e-01  5.4452968e+00 -1.5103914e-01  2.8479087e+00
 -1.5628322e+00 -5.2656360e+00]
[-5.4361153e-02  1.4403470e-02 -1.6453460e+00  1.6800268e+00
  1.3400688e+00 -2.4359505e-01 -1.1326442e-02 -3.6325821e-01
 -1.9629486e-01  7.0003537e-04]
[-0.01441758  5.4779997   0.21987882 10.288463   11.178462   -1.2362303
 -0.06998698 -5.4874945  -1.6865276  -6.1233454 ]
[-0.07537328  5.5152783   3.4244921  -0.09814473 -1.8228086  -4.5306706
 -8.008993    2.3305895  -0.25294617 -0.24288389]
[-0.09517703  5.02221    -0.1691247  -0.5224646   1.2203063  -2.9223423
 -2.237263    0.40823668 -1.6523504   0.15012209]
[ 0.04080439 -9.123691    2.0358691  -1.1309495  -0.2752685  -1.5031908
 -3.2545915  -0.5501867  -2.0494504   0.29980105]
[ 0.01688874  0.24055259  1.6378016  -0.6224191   1.1305678  -0.99722415
  0.33828616 -0.31502393 -0.7762871   0.18165481]
[-0.06154704  1.2229037  -1.2032406  -1.4090567   0.01549417 -1.238489
  0.69759196 -0.5248315  -0.36013082 -0.4225972 ]
[-0.0316223   0.28424245 -0.37066445 -0.61241955  0.28161445 -0.70734906
 -0.04579663 -0.8179194  -0.546227    0.03405577]
[-0.07260735 -2.8888457   0.3431756  -0.52207273  0.2921659   0.1643931
 -0.00528349 -0.8846605   0.10896266 -0.27370098]
[ 0.01694786 -0.36477274 -0.00441372 -0.23651552  0.8071083  -0.03986228
  0.17027785  0.26257765 -0.2529323   0.27705464]
[-0.07176659  0.29035965  0.23288524  0.44763714  0.9098347   0.44230387
 -0.10460266  0.06546017  0.24008143  0.7488349 ]
[-0.08074171  0.71787524  0.10310841  0.22797985  0.16149546  0.467001
  0.83976334 -1.145017    0.31328464 -0.52066576]
[ 0.04260127  1.2177615   0.691076   -0.22654091 -0.35989565 -0.10743942
  0.4333168   0.0036446   0.40707025  0.28769392]
[-0.05039205  1.7112725   0.6237175   0.8807054   0.608477   -0.1798084
  1.2818493  -0.39748028  1.1955023  -0.07656512]
[ 0.01910832 -0.33807507  0.3425423   0.3738494   0.6585609  -0.28543344
 -0.06192208  0.8708529   0.06899258  0.7663996 ]
[ 0.0515263   1.5402018   0.71036685  0.678293    1.1682521   0.48105553
  0.10231344 -0.8323668   0.3101798   0.7199399 ]
[ 0.02452273  0.02344625  0.27298304  0.06434336  0.9124781  -0.46292108
  0.33049643  1.4829274  -0.15695263  0.82010037]
[ 0.02867146 -0.83780646 -0.6765901  -0.6573442  -0.12121307  0.59772974
 -0.17226204  0.54755074 -0.12594315 -0.00551877]
[-0.03360401 -3.6669338   0.752915   -0.09534871  0.49067253 -0.02951315
 -0.04423247 -0.35080695  0.09465673  0.40667793]
[ 0.01886796 -9.180637   -0.64279276  0.8906977  -0.2783774   0.3390611
  0.45759222  0.3096756  -0.37414515  0.18508774]
[ 0.05842523 -3.0984197   0.5711571   0.44521436 -0.5197125   0.21731669
  0.76208067  0.6555001  -0.26023    -0.08581348]
[ 0.06057149 -0.9498928  -1.1533246   0.91949064  2.0282605   0.17942119
  0.28805855  2.0600462  -0.21998619  1.2698867 ]
[-0.02121712 -7.1867356  -0.5636709   0.9823103   0.44967964 -0.07323094
  0.09246369  0.7428713  -0.5523251  -0.04783473]
[-0.03384569 -3.485939    1.4088606  -0.14919117 -4.9763885   1.5158023
 -0.72852594 -2.04212    -0.96563196 -4.0147514 ]
[-6.38146745e-03 -5.67286611e-01  1.61183035e+00 -1.59801512e+01
 -9.83210802e-01 -7.78139019e+00  7.83187151e-01 -2.89004064e+00
  1.17409214e-01 -3.54418755e+00]
[  0.07582914  -0.0439918   -0.6985714    8.68344     -0.26868203
  -3.8156445   -2.5723867   -9.815889   -14.266535     3.3374863 ]
[ 0.03323561  0.04069359 10.746847   -0.06130743  1.7032279  -0.39361247
 -1.9788656   0.06588392 -0.19364922 -1.6856556 ]
[ 0.01949306  0.07395142 -0.08329191  0.05839194 -0.21732524 -1.6059355
 -0.04887266  7.0532355  -0.1383125  -3.8081856 ]
[ 0.03636093  1.8191298  -2.997965    5.3059716   0.04126829 -2.479245
  0.03175684 -2.6322424  -0.91216195 -0.1535488 ]
[-0.02502826  7.4609785   2.7566137   6.2009516   1.4691601  -3.2612894
 -0.07557663 -3.0882764  -3.7957635  -1.4648889 ]
[ 0.06819728 -1.5233017   3.1040492  -0.869184   -0.346238   -0.16398682
 -2.251198   -1.5853218   1.8508706  -1.316041  ]
[-0.02555777  1.4305216  -2.653763    2.5410802  -2.3137572   1.450404
 -2.9781919  -0.61502576 -3.0907683  -0.5523302 ]
[ 0.07557482 -0.05500186  0.50786036 -1.0448684  -0.5941338  -1.0727172
  0.46125242 -2.035109   -0.31035143 -0.58061016]
[ 0.01547024  0.68503374  1.4137561   0.6128989  -0.66879344  0.27157152
  0.2904599   0.47074276  0.18568034 -0.01080152]
[ 0.04721879 -0.18360963 -0.1316861  -0.61413217  0.4564682  -1.515789
  0.23256709  0.62052345 -0.22286354 -0.10527238]
[-0.01371612 -0.00982561 -0.14880222 -1.2971921   0.9045058  -0.3674153
 -0.05135122  0.31530172 -0.3199293   0.92978245]
[ 2.1851338e-02  1.7006146e+00  1.3709140e-01  2.5438115e-01
 -2.9053565e-04 -8.7033731e-01  5.2494401e-01 -5.7068247e-01
 -1.7789641e-02 -9.1519916e-01]
[-0.0353873  -1.2132194  -0.00962987 -0.42220443 -0.61660683 -0.36584342
  0.15825626 -0.607988   -0.14179152 -0.30526748]
[-0.03776822  0.5758934   0.58756405  0.12261166 -0.28173134 -0.27172184
  1.303669   -2.0528026   0.13958637  0.13964324]
[-0.07349838 -0.30955794  0.41077194  0.24761875  0.66194344  0.3083726
  0.26253465  0.41460052  0.8983931   0.08152806]
[0.05223651 0.3717062  1.0351459  1.488191   0.54411936 0.40159914
 0.11248448 0.9665929  0.6942414  0.39803845]
[ 0.04884019  1.4829772   0.89893633  0.2928493   0.83803755  0.33896148
  0.61618745 -0.5830459   0.64088464  0.4071871 ]
[-0.06855164 -0.5253316  -0.47756898 -0.06812052  1.079061   -0.03026555
 -0.23656255  0.5806576   0.09711632  0.23988475]
[ 0.01009546  0.70313245  0.25685433 -0.5356897   0.8505981  -0.3552175
  0.82396173  0.5224673   0.57724977  0.6663723 ]
[-0.08343296 -2.7813852   0.8022888  -0.26916742  0.24701636  0.36700425
 -0.46770236  0.16524115 -0.02139224  0.22388877]
[-0.04057515 -1.4612999  -0.7937333   0.49254966  0.21619081 -0.72823894
  0.11851217  0.25194773 -0.14427458  0.21267326]
[-0.03642464 -4.5688467   0.1394764   0.620795    0.5426807   0.6693874
  0.40527785  0.9365383  -0.7656464  -0.43072096]
[ 0.06287011  2.891521   -1.0876606   0.1388546   0.48374864  0.61458814
 -0.37719992 -0.35815358 -0.7906451  -0.13009295]
[ 0.02783983  3.185703    1.3729506   0.23944513  0.4520971  -0.7566555
  0.05295676  1.1390853  -1.0926423  -0.72935665]
[-0.01096129  2.1188688   1.0506889   0.86095357 -0.0151002   1.3573847
  0.29758957 -0.7744275  -1.2379059   1.0340668 ]
[-0.01363091 -3.2243488   1.426628   -0.29987794  1.1122862  -1.489357
 -1.0213569   0.35206738  0.7861099  -0.5997539 ]
[ 0.0431046   1.7972134   1.358234    3.5643759  -1.3906276  -1.788069
  0.73296034 -0.5358964   0.26842508 -3.661082  ]
[  0.03067104 -14.383351     2.0594552  -13.231952    -0.97484434
  -4.283161     1.458912    -7.5749774   -1.8368795   -7.6850634 ]
[-4.57207114e-03  8.82241368e-01  1.56642878e+00  2.12521505e+00
 -6.35218859e+00 -2.12564707e-01 -3.45113373e+00 -1.28506937e+01
 -1.00266285e+01  1.96782812e-01]
[ 0.06862738 -3.9515877  11.425679   -0.3451625  -9.344236   -0.33545992
 -7.629859   -8.57803    -0.41074473 -8.751832  ]
[ 0.08514123  0.05275     0.08380274 -0.0054492  -0.07158918  0.0121263
 -0.07364428 -0.01088963 -0.0797672   0.03719945]
[-2.1088094e-02  3.6602566e+00 -5.9595995e+00  5.8344359e+00
 -1.0203825e-02 -1.0870348e+00 -3.9915992e-03  2.2207429e+00
 -3.6305764e+00 -2.8138685e+00]
[  0.07414908   1.6476154    5.4026484    0.8936554    7.0877323
 -12.4955225   -0.07851525   2.7294722    1.8329005   -2.5678952 ]
[-0.06287652 -2.1879883  -0.09025042  0.46282408 -2.4415896   3.7724528
  1.7435037  -2.9958174   3.8875117   0.14676756]
[-0.07887426  1.6681803   0.01816208  1.6205268  -1.1872993   0.11791331
 -0.03870484 -0.02094364  2.710189   -1.6493654 ]
[ 0.04399103 -0.2782874   0.11799876 -0.20689647 -0.8221177  -0.4267296
  0.6443461  -0.09561579 -1.0011857  -0.22293504]
[-0.05125085  0.09078674  0.07859407 -0.51566046 -0.765008    1.155425
  0.147718   -0.9196753  -0.4392135  -2.0656555 ]
[ 0.04176056 -0.84846014  0.1429134  -0.5057805   0.16744332 -1.0123633
 -0.6728004  -1.203809   -0.16736448  0.06880596]
[ 0.01926118  0.49086434  0.01074993 -1.1105148   0.44833905 -0.5809259
  1.1315861  -0.21606356 -0.06706635  0.3498164 ]
[ 0.05482268 -1.9438262  -0.16142064 -1.111041   -0.28884515 -0.5185479
  0.05682475 -0.25833362  0.10603937 -0.66037244]
[-0.01795476  0.04817554  0.6662044  -1.3845364  -0.13105246 -0.2993551
  0.9394459  -1.217787   -0.18160984  0.2945231 ]
[ 0.02530847 -0.46836558  0.0813595  -0.57621264  0.09859914 -0.5588791
  0.46945697 -0.64291584  0.05860265 -0.7007488 ]
[-0.08082981  0.16885348 -0.06977998 -0.57858163 -0.8533102  -0.629218
 -0.0696343  -0.08704326  0.09165663  0.0822676 ]
[-0.10191178  0.927977    0.6892835  -0.2562221   0.22955866 -0.69673723
  0.498132   -0.26880142  0.1572247  -0.00678175]
[-0.00899497  1.7668781   0.08787832 -0.19026682  1.1845307  -0.50505173
  0.5357996   0.92992306  0.40764758  0.5269657 ]
[-0.011804    0.13340406  0.5235799  -0.4888565   0.68646365  0.22993016
  0.02735222 -0.06386796 -0.27451673  0.34936583]
[ 0.05513391  0.16408338 -0.0139356   0.13155217  0.30351648 -0.0445252
 -0.75924075 -0.18337579  0.18683985  0.01545725]
[-0.07212628 -2.0438929  -0.7301815   0.17298435  0.49829924 -0.14098294
  0.09175134  0.10185491 -0.38576666  0.0973742 ]
[ 0.01390205  0.5494603   0.6817113   0.10187438  0.7603475   0.77442867
  0.04904484  0.00908249 -0.49042568  0.1708974 ]
[-0.03622439  1.0680667  -0.66393524  0.59565306 -0.63728964 -0.0877801
 -0.07998822 -0.11736751  0.01158561  0.01091052]
[ 0.04178652  0.13260609  0.46528098 -0.26571837 -0.05330859 -0.42297503
 -0.04045846  0.73896235 -0.03397789 -0.39361924]
[-0.03870851 -1.4679129  -0.31603482  0.59208506  0.4427647   0.7776331
  0.22411558 -0.30626774  0.5150719   0.5528695 ]
[-0.0874097   1.9105521   0.49471423  0.38727483  0.42519173 -0.32519078
  1.1935672   0.12530652  1.0359412  -1.723873  ]
[-0.06683472  4.2846107  -0.34091347  0.1606303  -0.57541436 -0.23262283
  0.64785755 -0.9546695   0.25185236  1.825657  ]
[-0.05927443 -1.1308978  -0.6406666  -0.9859437  -2.564097   -0.3403399
 -0.04114938  2.284059    0.97414696 -2.9252813 ]
[ -0.0634631   -9.275911     1.5039855  -16.52042      0.37603423
  -2.455133     0.05304489  -0.443502    -6.1776485    0.7795687 ]
[-0.05106157 -0.13766648 -0.854048   -4.424523   -5.693785   -0.9480792
 -2.5989814   4.5192404  -4.047403   -5.181955  ]
[  0.06270952  -7.048862    13.978678    -0.46486363  -9.757587
  -0.31578258 -13.667594    -9.440916    -0.8351439   -9.492695  ]
[  0.08304863   0.5645484   -0.38404799  -6.339507   -10.31073
  -0.20806324   0.04870467   6.4091787   -4.47459      4.9405704 ]
[-0.06726913  2.4561791  -3.9629617   6.5298963  -0.08441114 -5.0065594
 -0.02981869  1.952378   -2.1635334  -1.2646807 ]
[-0.03647777 -2.4501238  -0.03706109  3.2903783   1.3402057  -4.261083
 -0.45233423  5.8520765   0.26053128  3.747789  ]
[  0.04614782  -3.42334      1.7715063    2.1751075   -0.3877925
   1.3419842    4.294912     0.94543165 -11.111718    -1.0974457 ]
[ -0.08863574 -11.852271    -0.06426863  -0.30989164   0.4134017
   1.6955658   -1.2227355   -2.267623    -1.7668382   -0.9305818 ]
[-0.01647136 -9.665776    0.81523514  0.37089753  0.2902696   0.25281158
 -1.1153203   0.7667044  -0.16173568 -0.3086077 ]
[-0.0700427  -4.605178    0.46232757  0.8508642   0.27104244  0.25478584
  0.19574778 -0.24921337  0.1650493   0.49854007]
[-0.09479804 -0.4036743   1.3136619   0.33026874  0.6213888   1.2427123
  0.99480253  0.1890665   0.3718314   0.11691082]
[-0.09238151 -0.11555863  0.46440098  0.35745922  0.04901401 -0.7677353
 -0.16552076 -0.17169398  0.02006213 -0.40688595]
[ 0.04669489  0.34649572 -0.40931958 -0.9915073   0.11736531 -1.583762
 -0.19846657 -0.69004613 -0.01452604 -0.24779585]
[ 0.04690962 -1.0102917   0.54191214 -1.0312386  -0.71412903 -0.69007087
 -0.35377392 -0.03423645 -0.09279373  0.47064224]
[-0.07038309 -0.25819764 -0.55266434 -1.0833935  -0.5108992  -1.0608373
 -0.61029446 -0.07177798 -0.15562409  0.7093514 ]
[-0.08257166  0.25097737  1.6869737  -1.2106292   0.6915234  -0.50494325
  1.3581889  -1.3361846   0.04501303 -1.2326365 ]
[ 0.00130792  0.02470025  0.19406854 -0.24748081  1.0503626   0.09026418
  0.45507836  0.66248614  0.37695718  0.05653718]
[0.06361211 0.82606465 0.7673846  0.00862998 0.41582277 0.9201007
 0.65752786 0.4450274  0.39970577 0.6828645 ]
[ 0.04849066 -0.7458942   0.05171192  0.2843321  -0.16022773 -0.04651896
  0.5161357  -0.13072425 -0.00109345  0.20565504]
[-0.06004853 -2.517591    0.01755524  0.26503712  0.72236747  0.15415469
  0.3510957   0.08636027 -0.21381474  0.19420084]
[-0.06999627  1.0783145   0.18286538  0.21599798 -0.45563033  0.52565455
  0.42932236 -0.40035772 -0.36827728 -0.19924818]
[-0.02524563  0.4870928   0.3851008  -0.09715391 -0.6292478  -0.6219172
  0.4798585   0.3424207  -0.0449927  -0.45352718]
[ 0.03398842 -1.0034703  -0.0252158   0.05655301 -0.4092437   0.29352632
 -0.48041707 -0.5949252  -0.3900183  -0.669309  ]
[ 0.06698498  1.1769925  -0.11989185  0.09661447  0.81091857 -0.43935874
 -0.12679908 -0.9420476  -0.02699403 -0.14435244]
[-0.03027812 -0.7997976   0.394104    0.4028771   0.35611418 -0.64191204
  0.26657832 -0.1723663  -0.39312926 -0.05093019]
[ 0.033879   -1.4725113  -0.3850981   0.5995809  -1.9056776  -0.17416981
 -1.1219109  -0.46587405 -0.44095346 -1.2035663 ]
[ 0.01136782 -0.50878465 -0.13497482 -0.30503085 -0.37271133 -0.7576532
 -1.1621557  -2.940197   -0.8352503  -4.142032  ]
[-0.00996919 -0.40900844  1.4272444  -2.007478   -2.6810517  -0.8786757
 -1.347782   -1.6874415  -2.1536372  -4.8239846 ]
[ -0.02891557   2.4166028    3.3350983  -20.371294    -3.8043973
  -2.7391074    2.7196257    0.9908907    4.704583     2.7641683 ]
[-0.08399753 -0.48341462 -2.4442146  -2.9517243  11.968547    4.1622214
  2.1492083   8.247455   -8.133603   -8.460354  ]
[-0.04582023  6.6589594   8.256662   -4.2962537   5.328842   -0.396095
 -2.5992823  -5.160437   -5.9435387  -2.9780364 ]
[ 0.07157529  2.339077   -1.5542085  -0.48352617  0.01320968  0.00867243
  0.04033493  0.02429893 -0.8469608  -0.05852372]
[ 1.0113418e-03  5.1150122e+00 -4.0284410e+00  4.0924702e+00
 -9.1777143e+00 -6.4273391e+00 -2.3193835e-01  8.0589085e+00
 -3.9840770e+00 -9.5070477e+00]
[ 1.2392618e-02  2.6393831e+00 -2.7919686e+00 -3.0968344e+00
 -4.3703337e+00  4.9503393e+00 -2.0303724e+00  6.3108816e+00
 -1.1167834e+01 -1.3493279e+01]
[-0.01199384  9.40598     0.3600293   1.8723357   1.9816946  -2.7166843
 -6.1786127  -2.4101274   0.6208012   2.0781593 ]
[-0.09535038 -1.7025551  -0.0365826  -0.78445834 -0.44787124  0.7585989
 -0.0792346   4.4152045  -0.5612642  -3.3427296 ]
[ 0.07249496 -5.0611544  -0.17873847  0.97349966 -0.14080822 -0.14725575
 -0.29937008  0.2923769   0.400357   -0.893889  ]
[ 0.01162525  1.4316397  -0.6258584  -0.511171   -0.06049592  0.47048482
 -1.1710774  -1.1132929  -0.49749327  0.73861283]
[-0.00981948  1.6116995   0.01300641 -0.6286886  -0.5079126  -0.03022951
  0.03722803 -1.7859366  -0.07921696 -0.12089924]
[-0.04660467 -0.387867    0.20746621 -0.17263766 -0.49499717  0.6274557
 -0.12318598 -0.30722103 -0.17174123  0.09147298]
[ 0.02680703  0.48821148  0.23446183 -0.22728398 -1.9563522   0.4688434
  0.5906248  -0.52723897  0.10399345 -1.81234   ]
[ 0.01056895 -0.24475616  0.47467697  0.1388902  -1.1135347  -0.03997289
  0.40744182 -2.6927567   0.39625204 -0.37538385]
[ 0.05085921 -1.066988   -0.01520125 -0.5974838   0.07013649 -0.10831757
  0.8490418  -0.19366902 -0.24035692 -1.0222361 ]
[-0.08225466 -0.9136531  -0.53020215 -0.23755695 -1.8199378   0.5137104
  0.6151925   0.08248919 -0.03012266  0.22936693]
[-0.04282079  0.70850796  1.094372   -0.06449562  0.14989327 -0.02674281
 -0.01439491 -0.64472055 -0.27832428 -0.3827796 ]
[ 0.03101617 -0.7567322  -0.1848806   0.01627791  0.66904664 -0.38059416
  0.26531595 -0.11347049 -0.23988678 -0.4895393 ]
[ 0.0660561   0.47006673  0.2309265   0.30334145  0.04395516  0.24627902
  0.2598346  -0.21607004 -0.2683604  -0.64437604]
[ 0.04954514  1.481978    0.55636644  0.6706154  -0.80170894 -0.3836493
  0.18065464 -0.6250032   0.29478905 -0.5155098 ]
[-0.04587722 -0.7326645   0.9194612   0.89220583 -0.40284398  0.22838031
  0.30494472 -0.08906757  0.44008324 -0.40109602]
[ 0.00576858 -0.53532016 -0.09363811  0.35254022 -0.7969441   0.13698259
  0.10253386 -1.1974488   0.03954482 -0.46486324]
[-0.02220435 -0.11565246 -0.69598293  0.16028368 -0.432346   -0.64462113
  0.34036174  0.15945092 -0.06364758 -0.09009486]
[-0.05179999 -0.18524761  0.6402437  -0.42755756 -1.6558961   0.13865247
 -0.50829935  1.0828904  -0.2494795  -0.5242391 ]
[ 0.01628401 -0.07492747 -0.75450075 -0.17578639  0.75803196  0.4426423
 -0.31157243 -0.4167846  -0.7951075   0.005432  ]
[ 0.05497799 -1.535455    0.7159714  -1.0390556  -5.195646   -0.92046034
  0.8384699  -1.321338    0.19250712 -2.1804068 ]
[-0.00515713 -1.1519867   0.13572228  0.3228105  -3.8913577   0.4406364
  1.5313051  -3.0638554   0.47228888 -1.256022  ]
[ 0.01431383  2.10986    -1.4295     -1.2297342  -0.02127825  3.3362896
 -2.3877888  -0.8854497  -2.2586133  -3.8648293 ]
[ -0.02403486  -1.1221762    3.170077   -10.214289   -10.194794
  -5.783074     0.943999    -1.872064    -7.3880315   -1.5525867 ]
[-0.05978757  2.110046    8.244955   -1.3442205   4.7518554  -2.577726
 -7.0080585  -6.3070927  -3.2835352  -5.3555393 ]
[ 0.0744252   6.7749267  -0.47326896 -3.3653722   0.02553833 -0.39509085
 -1.0461007  -0.30529937 -4.8456745  -1.614299  ]
[-0.04208045 -0.08110844 -0.00763601 -0.02035789 -0.03599619 -0.0334289
 -0.04489063 -0.07248038  0.07538676  0.06710594]
[-0.01768225 -0.4205374   0.77770567  1.2054504  -0.04905969 -1.2673388
 -0.11485095  3.0744154  -0.75333816 -3.4464629 ]
[-0.02473477 -1.2626704  -0.24898237 -1.5179827   3.4545171   1.0253588
 -0.11473335  3.9974623  -9.387753    0.18090627]
[  0.0710118   -9.7151785    2.7776973    2.0528097    3.8898804
  -0.51703805 -10.462336     1.0334172    0.39750305   1.5555391 ]
[ 0.0504482   4.0484643   1.161918    1.0560768  -0.2568538   0.07820144
  1.7788491  -0.4769562  -0.38933858 -0.6882124 ]
[-0.09130903 -2.8778052   1.2807672   0.8466853   0.23957007  0.40438634
  1.517314   -3.6836388   0.56477696 -0.4876949 ]
[-0.02817278 -1.5581475   0.5397472   1.1722761   0.8321024   0.6076173
 -0.21592565 -3.498913   -0.17134105 -0.4545786 ]
[-0.04793587 -0.12867092  0.89177155  0.24077208 -2.1713278  -0.88710487
  0.86010134 -0.61966854 -0.0153206  -1.0067778 ]
[-0.06599493  0.4369467   0.34073988  0.12718123 -2.3363078   0.40453133
 -0.97491133  0.23362422  0.2742855   0.6162266 ]
[-0.03383619 -0.03549305  0.37769908  0.7639788   0.08689597  0.1608063
  0.06522863 -0.34550557 -0.30926904 -1.2822155 ]
[ 0.02260804  0.30867198  0.4292958   0.00179167 -1.3086165   0.06665605
  0.9947929  -0.6435124   0.1527109  -1.4980886 ]
[ 0.01494201  0.5363122   0.9008177  -0.04268448 -0.21179672  0.29274422
  0.29839495 -1.0080398  -0.5005985  -1.6726178 ]
[-0.06250123  0.7109313   0.3135777  -1.1337873  -0.5545271  -0.9424293
  0.41558585  0.23518573 -0.23844299 -1.3877016 ]
[ 0.03936955 -0.8679404   0.0959303  -0.18483776 -1.414583   -0.03631924
 -0.13072935 -0.34225476 -0.07330374 -0.4230243 ]
[-0.08311289  0.50672746 -0.22474    -0.15388799 -0.4296078  -0.19438344
  0.9538424  -0.10412558 -0.5292012  -0.37950602]
[ 0.01618255 -0.5048593   0.48564568 -0.12593739  0.15776469  0.06641401
  0.40278748 -0.20553367  0.38389876 -0.2596743 ]
[-0.00623561  0.7738968  -0.13636638 -0.2262205   0.88758063  0.00939028
  0.2553731  -0.90093195 -0.524162    0.17561443]
[-0.00800614  0.6924573  -0.71159285  0.05913884  0.43921596  0.56624424
  0.18355225 -1.1213903  -0.05505925  0.2635178 ]
[-0.08019621  0.45794648  0.65207964  0.8949459   0.10943267  0.28068408
  0.7080547  -1.6412187   0.1280982   0.07028358]
[-0.07314392  1.5720073   0.02354252 -0.37873706 -1.7260653   0.75294125
 -0.41518465 -1.8761936  -0.09051826 -0.39052427]
[-0.00946625 -0.3686521   0.5615251   0.31306404 -1.129595   -0.6044673
  1.1108274  -3.7558591   0.19284002 -1.0328457 ]
[-0.06658822  0.56998163 -0.6245843  -0.15039438  0.16547231 -0.7255377
  0.40613613 -1.7771478   0.35604447 -2.841264  ]
[-0.0433734  -0.5756155  -0.09564948 -0.63698375 -0.7506697   0.73137337
 -2.567745   -0.37271523 -0.69409335  0.6137183 ]
[ 0.00448649 -1.9167063   0.0876037   0.5118163  -1.6103798  -0.22233143
  0.5438107  -2.0185516   0.9665841  -0.4416587 ]
[-0.03338841  2.4605372   0.17751051  0.29773372 -1.9381925  -2.8500266
 -0.38668317 -6.469935   -0.97531116  1.0516508 ]
[  0.02733337  -1.5278786    2.3912618  -12.378442    -1.8594582
  -6.4747987    0.67651576  -2.6326191    0.29103968   0.39105046]
[-3.8150325e-03  8.4420977e+00 -3.4424212e+00  6.1788521e+00
 -1.1768463e+00 -3.4415531e+00  2.9495497e+00 -3.5120803e-01
 -7.6294370e+00 -1.8852574e+00]
[-0.03119916  4.3019     -4.0966296  -0.39377013 -2.740472    4.8896527
 -0.02128172  0.02070353 -4.3693676  -0.03370303]
[-0.08439683  5.226377   -3.145935   -2.3003805   0.04846971 -0.05093452
  0.05640136  0.0264398  -3.2840548   0.0399364 ]
[-0.04845395  2.6918242   5.518929    4.887372   -0.08998954 -4.7588897
 -1.4462764  -7.01278    -3.1971836  -6.9146986 ]
[-0.08390495  1.0251245  -0.06512556  0.7237693   3.2103457  -7.720257
 -3.8108125  -9.135121   -5.3524547   1.3708105 ]
[ -0.04592201   1.236577    -0.93409956   0.45836383   1.0486869
   1.5770273   -4.7034698  -12.656742    -1.1832186   -7.876818  ]
[-0.08853429  1.4998499  -1.2974272   0.6174197  -4.5070863   1.8102612
 -0.13427795 -0.45304617 -0.08393598  2.7966988 ]
[-0.09507616 -0.84421706 -0.49830505 -0.8245975  -1.4908488   0.5088531
 -1.3741771  -3.3905416  -1.4544362  -0.31877372]
[-0.07797788  0.18442035 -0.2942093  -0.28052068 -4.8352265  -0.28989917
 -1.475959    0.17219459  0.4715633  -2.5213485 ]
[ 0.01651225  0.28795022 -0.0387313   0.38397458 -0.5773735   0.95885575
 -0.46047992 -2.6134317   0.35437754 -1.7403007 ]
[ 0.01343526  0.3741392  -0.16141765  0.61122423  1.2544708   0.20956126
  0.7050453   0.68966335  0.27238595 -0.19652753]
[-0.04720045  0.29821545  0.6465106  -0.37278414  0.896018    0.1709153
  0.71773714 -0.24978098  0.6067219   0.47329697]
[ 0.04023543  1.1747648   0.15760829 -0.19624935 -0.6038759   0.08672968
 -0.06208252 -0.19580662 -0.34880537  0.14960536]
[-0.02417562 -0.5087334  -0.09771913 -0.67674017 -0.4985364  -0.29363498
 -0.12909684 -0.7285597  -0.20535089 -1.0436305 ]
[-0.08132108 -0.05160266 -0.2864346   0.11184681 -0.16316979  0.709435
  0.8723126  -0.31497985 -0.41676337 -0.6745942 ]
[-0.00576724 -0.00767102  0.24949896 -0.11402299 -0.18473236  0.09035867
  0.7479617  -0.675123    0.1053414  -1.3925525 ]
[ 0.02069329  0.4871369  -0.24365062 -0.04171128 -0.51318794  0.28800392
  0.47359782 -0.97794336 -0.03357255 -0.86829585]
[ 0.02862602  0.50769466 -0.4184378  -0.03937558 -0.37232715  0.44867864
  0.29603258 -0.7405561  -0.10705059 -0.8539218 ]
[ 0.03133518 -0.31765243  0.23281896  0.36178008 -0.96865684 -0.26692942
  0.0757208   0.19522999 -0.46262205 -0.55260295]
[ 0.04591196 -0.6385517   0.52226603 -0.45851314  0.19963142 -0.17992057
  0.48773625 -0.22894177  0.11907147 -1.0900177 ]
[-0.0889967   1.7380224   0.37154353  0.2651814  -0.1514978   0.10458972
  0.15292746 -0.21933213 -0.13495706 -0.9687828 ]
[-0.0281187   0.13470322  1.2717407   0.88232535  0.3989242  -0.2277472
  0.3537126  -1.033908   -0.15787444 -0.4470526 ]
[-0.05086625 -0.9940352  -0.7362734  -0.06009163 -0.15716419  1.2333941
 -0.48432407 -0.9508945   0.1874099  -0.10780905]
[ 0.00393242  2.0079787   1.1663759  -0.41615927 -2.257055    0.42337745
 -1.2638745  -1.766077   -0.23044816  0.98037344]
[-0.03229562 -2.6093965  -0.66784626 -0.6351707   1.3867192   0.81499684
  1.5852885  -0.91411674  0.3810134  -1.116845  ]
[ 0.06186182 -7.153199    1.6348029  -1.2649459   1.2521306  -0.6369969
 -0.70400363 -4.030545   -1.4300959  -2.2220368 ]
[-0.04889536  7.096077   -1.0582405  -1.8450668   1.0073005   1.1924193
  2.2043693   3.8755715  -0.9834051   2.8443582 ]
[ 1.5478894e-02 -3.7870874e+00  1.6088983e+00 -1.6195528e+01
 -2.7385828e+00  9.4137037e-01 -3.0246394e+00  2.6717260e+00
 -2.9300551e+00 -2.0299771e+00]
[ 0.07203468 -0.14329922  2.2925165   0.7993795  -9.171169   -3.9914806
  2.7199447  -9.502337   -8.429683   -9.712781  ]
[ 0.08174487  0.01452535  0.06701177  0.07817397  0.04415172 -0.01557527
  0.07453924  0.02436374 -0.06621368  0.00291511]
[ 0.01945239  5.27292    -3.231255   -2.25446     0.01504984 -0.07142824
 -0.05926664 -0.06805274 -3.1578271   0.04724355]
[-0.00824988  2.8920016  -1.5341762  -0.6629765   0.06202032 -0.04667229
  0.04997044 -0.03129939 -1.4957764  -0.05360338]
[ 5.7829075e-02  2.5768933e+00  2.4047749e+00 -1.0037054e+00
  5.8019091e-03 -3.6239343e+00  2.4491856e-02 -3.3786654e+00
 -7.5640087e+00 -4.0317626e+00]
[ 0.01907272 -2.4259226   2.5557988   1.049672   -1.4678065  -1.1932044
 -1.1142175  -8.085492    0.8439196  -1.2925301 ]
[ 0.04775624 -1.0741616   0.23957567  0.41423276 -6.6824546   0.7492371
 -9.395076   -1.2943661  -0.36613098  3.1407423 ]
[-0.08146429  3.8126123   0.22400336 -0.7721477  -0.70098054 -1.4095135
 -2.769191    1.3181331   0.74968475 -2.234502  ]
[ 0.05826122  0.8167752   0.52251595  0.45823815  1.2312933  -0.44646928
 -3.876409   -0.73391145 -0.09891827  0.63630164]
[ 0.04476931  0.25087315  0.74661833  0.1917743  -1.0317993   0.07802624
  1.8510015   1.6680287   0.40657863  0.5626033 ]
[ 0.05974352  0.65840286  0.47666976 -0.2210875  -1.1280421  -0.19899422
 -0.63013625  0.3487861  -0.50125587  0.35433948]
[-0.0688936   0.0924748   0.37181067 -0.12572956 -0.86472845  0.09718077
  0.42943242 -0.24155353 -0.28472075 -0.80994534]
[-0.08276028 -0.3513743   0.49042895  0.03218649  0.16351032  0.04488432
  0.69880027  0.43691117  0.05047577  0.7282608 ]
[-0.08156545 -0.54372025  0.13759038  0.5715295  -0.42262778  0.08901834
  0.11648475 -0.6295056   0.2847279   0.12261249]
[-0.03134713 -1.5644819  -0.2164704  -0.55534005 -1.2450328  -0.14578247
  0.09109551 -0.01287044 -0.30621645 -0.24143595]
[ 0.04646987 -1.1445193  -0.26032943 -0.58666754 -0.7386725  -0.44466487
  0.44281954 -0.57195616 -0.24121797 -0.2961886 ]
[-0.08434477 -0.143797    0.21652651 -0.24527508 -0.71220845  0.16705973
 -0.6310509   0.52992797  0.07608269  0.07794665]
[ 0.03846632 -0.38964057 -0.46745762  0.2248536  -0.5959013  -0.07010955
  1.2887526  -0.3349845   0.1993627  -0.79351515]
[-0.0988379  -0.32533893 -0.08682928 -0.5562205  -0.4450228   0.02881006
 -0.25534075 -0.43508965 -0.2337427  -0.644707  ]
[-0.04729116  0.7498052  -0.42098427  0.67603844 -0.5584397   0.14214994
 -0.02324663 -0.29172525  0.01430008 -0.41706362]
[ 0.03852646  1.1495286   0.7901796  -0.06355515 -0.35008308  0.36573854
  0.73928267 -0.23230164  0.5202281  -0.02723789]
[ 0.01636228  1.3185583   0.5793104   0.52993083  1.7414858   1.0586507
  0.7130011   1.6658678   0.2648216  -0.83773625]
[ 0.04928744  1.5833399   0.93428236  0.4773757  -1.3405877  -0.3272056
  0.60621953 -1.2086166  -0.48160487 -0.94716936]
[-0.04244677  1.5693059  -0.67578274 -0.79785496  0.67124736 -0.91714853
  0.4718093  -1.2017463  -0.38702753 -2.3897169 ]
[-0.01798693 -8.558527    1.0145825   1.8118387   0.14413269  0.34992874
 -1.6633286  -1.6704057   0.08529237 -0.10015892]
[-0.04794883  6.6994886  -0.7469001   1.1331564  -0.5288341   2.08064
 -5.242416   -3.5050325   0.6253035   0.6079613 ]
[ 0.0321953  -9.938913    1.697637   -1.6923453  -1.9094118  -0.98562104
 -7.0207863  -4.8417163  -0.60388815  0.3186013 ]
[ 0.06320158  8.104865   -4.229457   -6.9739776  -6.4516153  -4.362202
 -4.5347385   5.16332    -2.5088165  -0.32236904]
[  0.03397908   3.7987893   -7.0874896    7.0245028    2.2587085
  -7.827464     6.509277   -11.678414    -3.576375   -11.7641735 ]
[-0.02263734  0.08251759 -0.02725939 -0.06740928  0.01654769 -0.0681685
 -0.01437831  0.06997135  0.00471353 -0.04424063]
[-0.05735803  0.05164737 -0.00525323 -0.03637018  0.0669797   0.00090434
  0.07127956 -0.05528922 -0.00200764 -0.04486464]
[ 0.0258331   0.05313665 -0.04367786 -0.07827635 -0.05165844  0.04735852
  0.06874526 -0.03741914  0.08163691  0.0248095 ]
[ 0.07189981 -0.06495538 -3.4576685   4.822682   -0.03865822  5.8938823
  0.06621407 -9.81655    -7.9773827  -9.398567  ]
[  0.02585239  -2.537596     2.9061968    1.9242675   -0.9657878
   1.613638    -0.07969094 -10.339149    -0.6252123    5.472259  ]
[-0.01032307 -0.98136693 -0.43163607  0.8309181  -9.748849    0.6079894
 -0.18963799  1.2039162   0.6308889  -5.7837267 ]
[-0.07205364  1.1543779   0.69907165  1.6880596  -2.093154    1.6590797
 -1.2464372  -0.56445205 -0.07138421  0.26426858]
[ -0.01589879   0.38042906   1.0263028    0.7494158    0.86951417
   1.2152061  -14.571965     0.3335744   -0.2028424   -0.7939982 ]
[-0.07219645 -0.47451702  0.07939916  0.1021478  -0.04193486 -1.0715922
 -4.607879    0.9017271  -0.7159753  -0.8057517 ]
[ 0.06557934 -0.99374306 -0.81802493 -0.19043416 -0.18822181  0.30574277
 -0.29968598 -2.4689198  -0.09757273 -0.17977633]
[-0.03360662 -0.07172998  0.67251194 -0.06858559 -0.5270515  -0.48322308
  0.55006677 -0.7026473  -0.02202945 -1.0175927 ]
[-0.08112165 -0.67005    -0.33479533  0.21223377 -0.2458328   0.66005325
 -1.5831794  -0.4444738  -0.1335638  -0.06606702]
[-0.01736761 -0.51709574 -0.15528502  0.46214235 -0.23695572 -0.08298405
 -0.46090525 -0.95600647 -0.16105792 -0.42230326]
[ 0.0338615   0.7909888   0.5769898  -0.6156466  -0.07676204  0.38943246
  0.08071378 -0.72414976  0.23409125  0.05042706]
[-0.05265015  0.09918223 -0.39293617  0.8735214  -0.13800439 -0.12181647
 -0.42412338 -0.9091556   0.6883176  -0.19419478]
[ 0.00652741 -0.7656369   0.5795147  -0.32820907  0.37679166  0.45564345
  0.6434271  -0.68186885  0.04236143  0.28736866]
[ 0.0345524   0.64002025 -0.5341642   0.4628269  -0.5191046  -0.1262378
 -0.78898835 -0.3697341   0.12415895 -0.46679586]
[ 0.04363083 -0.25435498  0.31725532 -0.6163283  -0.13313732  0.00234121
  0.23639208 -0.92166156  0.19131143 -0.44425598]
[-0.07647841  0.810062   -0.8224565  -0.45101756 -0.2685103  -0.49920622
 -0.83676285 -1.0804054  -0.41437447 -0.34241915]
[-0.07407477 -2.4537683   1.0455753   1.1802973   0.23430967 -0.26777822
 -0.60867697 -0.4877386   0.41887218 -0.3722384 ]
[ 0.04644686  1.0236721   0.29110643 -0.44732204  0.30886775 -0.9183168
  1.7171986  -1.4111123   0.69841164  1.1327642 ]
[-0.0080375  -1.4046475   0.02254229  0.6174097  -0.1650629   1.4795309
 -0.4064094  -2.0587885  -0.03396045  0.03586287]
[-0.01265026 -0.26006994  1.2899158   0.19258653  0.8826835  -0.18608716
 -4.078336   -3.823225   -0.13052627  0.49339628]
[-3.3815035e-03  1.8397930e+00  1.2697635e+00 -3.5783384e+00
 -3.0862858e+00  1.3866605e-01  5.9961629e+00  7.2304583e-01
  4.2241672e-01  2.2000225e+00]
[-0.04571218 -6.8810883   2.254743   -1.5765533   0.58720803  3.3651767
 -9.391021   -2.9596763   2.4322248   0.3207938 ]
[-0.06878746  5.7899656   1.7958312   0.52281576  0.9218869  -1.5302182
 -8.783658    6.713682    1.3080436   1.4505213 ]
[ -0.06728988   2.229818    -4.957094    -8.251046     0.9171251
 -10.831146    -7.3857427   -2.0453668   -4.3230186   -2.2565434 ]
[ -0.06844288  10.116305    -6.4797754    8.375982     8.123204
  -4.3229046   -0.9985205   -8.083208    -9.697477   -10.156021  ]
[ 0.08167735 -0.02164088 -0.04614378  0.043511   -0.07375401 -0.08629972
 -0.04586495 -0.00172567  0.07426319  0.03411526]
[-0.00637539  0.04399449  0.02145477  0.06855819  0.02551316  0.0441825
 -0.039133    0.00885701  0.06151684  0.01370678]
[ 0.07244142  0.06889776  0.01723976 -0.08657274  0.04613101 -0.04153454
 -0.01440459  0.05196483 -0.07452507 -0.01411955]
[ 0.03933074 -0.07932212 -8.333098   -2.1192935  -0.02080815 -7.928293
  0.03621644  7.7478633  -4.863307   -8.357674  ]
[ 1.4570475e-02 -3.2407639e+00 -1.1863189e+01  4.7648735e+00
 -2.0901850e-01  1.8841429e+00  3.8936302e-02  9.3809909e-01
 -1.3541691e+01 -1.6992678e+01]
[ -0.02432304  -3.5912929    1.3864473    1.5698084  -10.8750105
   0.27355763  -0.07786259  -2.477673    -2.0168228    2.090681  ]
[ 0.06756047 -0.93522763 -0.5588902  -0.6260504   1.7964308  -0.32283708
 -0.36433628  1.907841    0.12610571  1.0625813 ]
[ 0.07231274 -1.4807042  -1.3549105   1.6342539   1.2104708   0.36133724
 -1.2037746   0.65086836 -0.2828405   0.8389164 ]
[-0.02964566  0.44056994 -0.81391823  0.6497327   0.48321533  0.1738432
 -3.52858    -0.09844065 -0.29576284  0.32577586]
[-0.05551637 -0.786584    0.29865456 -0.33802202 -0.98645216 -0.45803893
 -5.4938507   0.04523642  0.33661154 -0.37142628]
[  0.04331041  -0.28746602  -0.3786014    0.23811543   0.10286082
   0.9457889  -13.373959    -0.5957232   -0.0183592   -0.5606165 ]
[  0.06160574  -0.17270201  -0.05762928   0.1721294   -0.12204271
  -0.13878462 -17.985226    -0.32662362  -0.32510644   0.0294515 ]
[-0.08309275 -0.08002592 -0.47671562  0.53328955 -0.09211896  0.11820113
 -8.76383    -0.487123    0.4011584  -0.73885   ]
[-0.06541641 -0.81959385  1.2054696  -0.3098133  -0.5261611  -0.31916878
 -1.7635857  -0.8525911   0.08875868 -0.78156704]
[-0.02194257 -1.220087   -1.4353693   0.25639126 -0.80527085  0.39894727
 -2.8656082   0.17357485 -0.02763859 -0.7829275 ]
[-0.07349537 -0.5598002   1.205218    0.3784084  -0.34289116  0.4256996
 -1.7278179  -0.48235497  0.25709233 -1.1913915 ]
[ 0.03650322  0.0140857  -0.24313684 -0.5033701  -0.46426484  0.11750946
 -1.6082882  -0.06348506 -0.23084831  0.01384195]
[-0.02539385 -2.3408654  -0.5164809   0.38532275 -0.06246775 -0.24050716
  1.7324389  -0.65890485  1.2064271  -0.33025697]
[ 0.04606619  0.6737309  -0.47229213 -0.13942842 -1.0097523  -0.04116277
 -3.0528524  -0.27336767 -1.5451512  -0.74523985]
[ 2.0169251e-02  3.7916341e-01  1.7567103e+00  1.8354071e-03
 -7.6609358e-02  1.5309526e+00 -1.4875364e+01 -8.6835003e-01
  5.2846795e-01  2.6854208e-01]
[ 0.04575259  3.9756677   0.80885273 -0.14558049  0.58832824 -0.5885087
 -9.437691   -0.5188105   1.9261458   0.2173653 ]
[-0.04927158 -1.027259    0.47591528 -0.73560375 -0.15718155 -0.05340085
 -8.475533    1.5726749   0.00881726  0.71638477]
[-0.03940753 -0.9722887   1.4463476  -0.5887317   0.6403792  -1.0142521
 -9.225474   -0.42593798 -1.1638571  -1.1386739 ]
[ 0.0229651  -1.7760274   0.8403452   1.1267296   0.7176242  -0.14674926
 -2.8214397  -1.4988271   1.0000582   0.32780066]
[ 0.0141923  6.6319056 -4.740587   3.660977   3.3633673 -4.4195175
 -0.3350889 -1.4087055  1.2177579  4.001769 ]
[-0.08617558 -3.22302    11.697738   -8.366823   -3.5859087   6.4331546
 -0.10443191 -6.8861856  -6.676951   -0.9671883 ]
[ -0.07245652   8.923575     5.1802526   -7.80835      9.308587
 -10.357446    -0.64395297  -7.985632   -11.933836    -8.316978  ]
[ 0.08020549  7.714831   -2.8614275  -4.5066934  -0.37392154 -6.228415
 -0.21860886 -0.03664679 -5.7138753  -1.7960024 ]
[-0.03107796 -0.05251291  0.03801114  0.08387927  0.07376807  0.03412198
 -0.00990039 -0.00800461  0.03311354  0.04425362]
[-0.02080745  0.03446432  0.00888095  0.00750697 -0.03060357 -0.02371045
 -0.04129545  0.02949103  0.04703709 -0.05762323]
[ 0.04918791 -0.03308181  0.06618964  0.01995903  0.02578326  0.0615686
  0.01511081 -0.05747119 -0.00855736  0.00484782]
[ 8.5637085e-02 -8.5671574e-02 -3.1426232e-02  1.0975868e+00
 -2.9780476e+00 -2.1735413e-03 -5.4586194e-02 -7.7652559e+00
 -4.6978931e+00  8.0270691e+00]
[ 0.06984433 -0.9297955  -1.509413   -5.9488187  -0.08108125  5.6522994
 -0.07682061  8.073366   -0.738931   -9.567613  ]
[-1.1633836e-02 -3.4236026e+00 -6.1376534e+00 -5.9251565e-01
 -8.3187466e+00  1.8056909e+00  6.5742217e-02  1.0231588e+00
 -1.4965371e+01 -1.9197875e+00]
[  0.01189784  -4.1039143  -10.756194    -0.36922693  -6.981917
  -2.290437    -0.05768491  -0.8670526   -6.2052927    0.7222616 ]
[-9.9318139e-03  1.4447571e+00 -1.0305421e+01  8.7036091e-01
 -5.9364045e-01  1.3291796e+00 -2.5680825e-01 -1.9422220e-01
  1.8659085e+00 -3.6110297e-01]
[-0.00701472 -3.5416434  -6.674523    1.007842    0.31342098  0.5577839
 -0.60769796  0.6429627  -0.48192027  0.5265165 ]
[ -0.07060002  -1.2538923  -13.745412     2.0869162   -1.1405872
  -0.61840713  -0.9401896    0.25220627  -0.27155498   0.6962529 ]
[  0.05977428   0.49003822 -13.959193     1.0420989   -0.57780594
   1.7300165   -0.6379144    0.6718653   -0.8506821   -0.04117087]
[ 3.0950431e-04 -3.8788886e+00 -7.3449391e-01  1.2423239e+00
 -1.2169599e-01 -3.3539310e-01 -2.8870685e+00 -3.0796120e-01
  7.5941193e-01  1.8991774e-01]
[-0.0179895  -2.4695106  -2.261938    0.13074817  0.1241426   0.44448596
  4.216423    1.2196852   0.15937965  0.6048662 ]
[ 0.03457122  0.26340282  1.2681768   1.8363128  -0.6598452   1.0788695
  5.7433095   0.83966446  0.6039868   0.4952281 ]
[ 1.5647834e-03 -8.4364504e-01 -1.0107763e+00  1.2174751e+00
  1.7592837e-01  1.5162928e+00 -3.0280232e+00  1.0281578e-01
  4.7041617e-02  4.0985912e-01]
[ 0.01929195 -0.5703489  -0.32897457  0.6197054  -0.09078112 -1.1745864
 -9.044371    0.5563399   0.7219036   0.87795407]
[-0.08123839 -1.3420308   1.6374786  -0.20474024  0.0356091   2.3180423
 -6.1124487  -0.011374    0.44806942 -0.15220231]
[  0.0237344   -5.327289    -0.8725297    1.8324955   -0.2932823
   0.06329808 -10.839164     0.33847585   0.46466663   0.6075538 ]
[-0.04592432 -2.8666024   2.6574018  -0.69986886 -0.47609776  1.3258277
 -2.4652808  -0.1670705   1.4422354   0.18292058]
[  0.06495683 -12.910897    -1.1249133    1.4286494    0.9912644
   0.5772333   -0.9496004    0.8444677    0.20873958   0.79764515]
[-0.07477387 -8.356739   -2.7144706   2.9170294  -1.6716148   3.3920097
 -0.87212265 -0.47616422  1.1928122   0.00979741]
[ 0.0725999  -5.714596    2.2923725   0.45297733  0.7939213  -0.9055296
 -0.69216275 -0.09978127  0.9359231   1.2021191 ]
[ 0.00790096 -2.4887388  -0.7758425  -2.740213   -1.0619656   1.4745916
 -0.13247816  0.06750294  1.6655      1.474951  ]
[-0.07681001 -0.95549893 -3.2891839   2.4251664  -0.20417821  4.8067513
 -0.02181682  2.6160624  -3.7319655  -0.32669258]
[  0.06679424  -2.0846424   -8.900832   -12.4257965    3.1203177
   2.5445638   -0.12377241  -0.32834542  -2.048213     2.8167527 ]
[ -0.03576104  -1.8349756   -7.562247    -0.70320326  -3.8096325
  10.350173     0.0169475    0.23014459 -10.9253645   -0.34630662]
[ 0.05839559 -0.02420975 -3.4830623  -0.04010397 -0.7662458   0.05607264
 -0.09742329 -6.789558   -0.7565967   7.415212  ]
[ 0.02201786 -0.01121663  1.8287609   0.03399847 -0.34193322 -0.02511152
  0.04260219  0.06836657 -0.8886748  -1.783739  ]
[-0.01789957 -0.08202044 -0.07494895 -0.03934862 -0.05244255  0.02652968
  0.03056857  0.06253887  0.07983769  0.07961912]
[-0.02670666  0.06612758 -0.06667478 -0.08545429 -0.08227103  0.02856497
  0.03912991  0.0540201   0.02376595  0.06203615]
[-0.00891609 -0.04465245 -0.03773334 -0.04966712 -0.0451594  -0.03583952
 -0.08194417 -0.06873026  0.06912417  0.02316643]
[-0.08090933  0.07338888 -0.06867699  0.01087569 -0.08127812  0.00886312
 -0.08436516 -0.02550592  0.03559082 -0.01987237]
[-2.7293041e-03 -3.3778322e-01  3.6036170e-03 -5.3498845e+00
 -3.0353880e-01 -2.9832335e-02  1.2444228e-02 -2.2564356e+00
 -2.1453609e-01  7.9656315e+00]
[-3.9653517e-02 -6.5867221e-01 -1.0338735e-01 -3.0258238e+00
 -3.0281482e+00 -2.0212515e-01 -3.3446848e-03 -4.2352405e+00
 -2.1234319e+00  2.2740076e+00]
[ 0.00570691 -3.0230262  -0.3202746   1.6107839  -3.3056226  -0.9841048
  0.03916245 -3.196063   -5.5063004  -4.5874076 ]
[ -0.06573742  -4.668686    -0.47654542  -3.7366507  -11.724817
  -6.6104407   -0.01773308  -1.6032975   -7.26281      0.4343082 ]
[-0.07006318 -3.2891695  -1.0902534   2.1514008  -6.0843573  -7.155343
 -0.09158371  2.0754673   1.2101386   2.251294  ]
[ 0.05244506 -3.1905406  -1.2315217   0.9576035   2.0716295  -4.6971188
 -0.12020445  0.8972598   1.7400414   1.3839301 ]
[  0.06674871 -10.234442    -1.1734986   -0.95740694  -2.0753598
   0.26703906  -0.1800158    1.4568719    0.5373528    1.9683911 ]
[-0.02827748 -0.3173287  -7.5179276   1.8573308  -1.1163006  -0.10114831
 -1.6356992   0.47549692 -2.311434    0.6011752 ]
[-0.06873752 -3.4028065  -8.360027   -0.00850446 -2.8158433  -0.5166592
 -4.695923   -0.3322384   0.10383867  0.4091416 ]
[ -0.04511265 -14.552696    -8.700074    -1.711365    -1.6598272
  -1.2623519   -1.9362142   -1.1074831   -0.8485726   -0.13032743]
[ -0.09564008  -8.787695   -11.228991     0.3787926   -2.5334852
   0.22921208  -1.564305     0.278022    -0.6336024    0.3662997 ]
[ -0.06782924 -10.9080715  -13.413794     0.07042531  -1.5452591
  -0.5408443   -0.27543363   0.4025176    0.9288558    1.2318523 ]
[  0.05429962 -11.042698   -12.548965     0.47663376  -2.44964
   0.8879192   -1.5845011    0.20138934  -6.0155134    0.09645326]
[-5.3392525e-04 -9.2097788e+00 -1.3148550e+01  1.6332057e+00
 -1.3617489e+00  1.8465726e+00 -3.2117078e-01  6.7646289e-01
 -2.7043304e+00  7.6371074e-01]
[-0.04405257 -3.4128628  -6.4481487   0.7980665  -2.3733764  -0.9146181
 -0.04308157  0.2564229   0.8503598   0.12522657]
[ 0.06625776 -2.148942   -6.4629283  -0.58392435 -3.0037658  -1.2454406
 -0.03593266 -0.09977053  0.88646835  0.43351507]
[ 0.04927419 -2.4868686  -2.597137   -1.1022372  -2.742712   -1.834575
 -0.1172113   1.1787356  -5.2421775  -0.5195287 ]
[ -0.0593832   -1.4078755   -8.597242     2.7669604   -5.8351607
  -0.7415425   -0.04514758   0.23071359 -12.505721     1.6329918 ]
[ -0.08063273  -7.8923264   -9.132713     0.25917605 -16.81024
   3.2850804   -0.04391245  -0.3294715    1.0385594    0.14265484]
[ 0.06306631 -8.343485   -2.325874    2.0447438  -4.4514256  -0.6007685
 -0.19057752  2.4474225   4.0328956   0.60998833]
[-0.01190909 -8.233497   -0.5045967  -7.6409535   3.4026842   2.6533928
 -0.03561498  0.9615119   8.893493    5.6147795 ]
[ 1.5583374e-02 -5.3452961e-02  7.2944321e-02  4.8296796e-03
  1.3338827e+00 -4.0117617e+00 -2.9214436e-02 -6.9906874e+00
 -9.9036478e-02  4.2862706e+00]
[ 0.06782619  0.0128161  -0.04427873 -0.06313366 -0.05998319 -0.04202447
  0.02754206  1.7775002  -0.06573775 -1.7357473 ]
[ 0.06790493 -0.07132518  0.00861282 -0.04639466  0.02417116  0.04660933
 -0.05632902 -0.07326569 -0.06143662  0.07628693]
[-0.00588366 -0.02032156  0.01137552 -0.04741442  0.02694944 -0.07813694
 -0.07445793 -0.00793085 -0.0407328  -0.04806354]
[ 0.07113793  0.02695043  0.04495031  0.07176539 -0.03539807  0.06383912
  0.08412161 -0.00055638 -0.02876742  0.08342775]
[-0.00515856 -0.0732705  -0.01858988  0.05777272 -0.04740397 -0.04348511
 -0.01936688  0.08520659  0.06655914 -0.03417408]
[-0.01415205  0.08063858 -0.07399113  0.06621175 -0.03169871  0.0188311
 -0.06135092  0.06826755 -0.00358388 -0.05065892]
[ 0.06746354  0.05495837 -0.05059247  0.01858857  0.003223   -0.01446074
 -0.0110621   0.02945217  0.01237154 -0.06921731]
[ 0.02460312 -0.01398698  0.02334654  0.01855206 -0.05802356  0.02489358
 -0.00835529  2.815797    0.02523019 -1.1047572 ]
[ 1.1614747e-02 -1.0057446e-02 -9.0579763e-02  5.0130263e-03
 -7.1325809e-02 -7.9540676e-03  5.6016795e-02  9.2266388e+00
  3.1068963e-03 -4.0098858e+00]
[-3.2870162e-02 -4.2838506e-02  6.8683815e-03 -1.2904030e-01
 -3.4122200e+00 -7.8816086e-02  2.7947947e-03  7.7037400e-01
 -4.1673380e-01  5.8576351e-01]
[-0.06793623 -0.05304323 -0.13739063 -0.35247684 -5.0695157  -0.08890904
  0.08421195 -0.7544211  -1.737742    1.3775004 ]
[-0.08472635 -0.01492399 -0.07840838 -0.33624548 -5.2653103  -0.10015994
 -0.01926007  1.6175731  -1.8397013  -0.50202817]
[-0.07561229 -0.02576936 -0.01386471 -1.7931974  -4.6927276  -0.9493151
  0.06892127 -0.27933335 -1.4656549   1.3149326 ]
[-0.04433904 -1.8636777  -0.743889   -4.7444253  -7.61114     2.4840732
 -0.03718395  1.7948219  -5.86831     0.73862135]
[-0.02529191 -2.2478597  -2.9446998  -3.9618556  -5.7606163   3.9981232
  0.05353538  1.1100036  -3.4817798   0.29754665]
[ -0.05426103  -0.72983664  -0.20346151  -2.564433   -11.206567
   0.17597449  -0.09317237   0.16013424  -6.050114     1.2815275 ]
[-0.05143636 -1.1821885  -0.41199687 -5.654761   -9.121116    2.2056036
 -0.10105989  2.5785067  -3.9172966  -0.9760617 ]
[ -0.04968618  -1.5501655   -0.089519    -6.352556   -16.33323
  -3.8251128   -0.03762919   1.5064461   -5.583005     1.1064596 ]
[-2.4532343e-03 -6.2484495e-02 -1.9941974e-01 -4.3962064e+00
 -6.3046575e+00 -3.5490043e+00 -2.4878245e-02  2.0543106e+00
 -1.3165765e+00  1.3918613e+00]
[-0.04854861 -0.04081192 -0.18568985 -7.072222   -7.414266   -3.2670312
 -0.05848399  0.37269378 -0.3962886   2.2253428 ]
[-0.03650902 -1.540078   -0.11671235 -5.0800214  -7.6357102  -2.3444192
 -0.015492    4.476666   -1.650218   -1.9896454 ]
[-0.03194824 -1.7618766  -0.05875781 -2.6544049  -6.3481665  -2.0864987
 -0.03550022 -0.7538581  -2.9988601   2.7791393 ]
[ 0.07337352 -0.67423743 -0.01304569 -5.676293   -4.8366885  -2.0301504
  0.00830169  3.1559305  -2.114663   -1.5313146 ]
[-0.02872995  0.04503437  0.00682786 -5.7048388  -1.811433   -4.708955
  0.03419107  1.3316525  -0.7090698   1.7147719 ]
[ 0.07614451  0.06964222 -0.7227862  -3.7457938  -1.7380326  -5.319024
 -0.11770003  0.5183     -0.57400244 -2.8444355 ]
[-5.6250617e-02 -2.9777205e-03 -1.1477196e+00 -1.9519129e+00
 -1.7624152e+00 -5.3394895e+00  1.5186926e-02 -2.6709037e+00
 -5.7199055e-01 -6.1605215e+00]
[-0.03178018 -0.01158428 -0.04650695  0.05317155 -0.07242255 -0.08321836
  0.04801614  9.591031    0.02296402 -3.5030227 ]
[-0.05146246  0.0743835   0.07555348  0.00020576 -0.01285863 -0.02713358
 -0.01568769 -0.04149438 -0.03459838 -0.04119522]
[ 0.06098812 -0.05871528  0.02296197 -0.05903774  0.04916396 -0.02111159
  0.07894772  0.05420244 -0.07659912  0.03755473]
[-0.04730494  0.06087878 -0.00222093  0.00077569 -0.04088546  0.00880341
 -0.02178101 -0.0054824  -0.05005402  0.06640597]
[ 0.04068802 -0.08089301 -0.03890041 -0.03825755  0.01264089 -0.01532358
 -0.01758314  0.08212366 -0.07595858 -0.07731479]
[-0.02179334  2.4570222   1.4363871   0.20311901  1.3707049   3.7281137
  0.5211312   2.8106358  -1.2244844   0.63065875]