0.0 0.5
0.25 0.5
0.375 0.5
0.375 0.4375
0.375 0.40625
0.375 0.390625
0.375 0.3828125
0.37890625 0.3828125
0.37890625 0.380859375
0.3798828125 0.380859375
0.38037109375 0.380859375
0.38037109375 0.380615234375
0.3804931640625 0.380615234375
0.3804931640625 0.38055419921875
0.380523681640625 0.38055419921875
0.380523681640625 0.3805389404296875
0.38053131103515625 0.3805389404296875
0.3805351257324219 0.3805389404296875
0.3805370330810547 0.3805389404296875
0.3805370330810547 0.3805379867553711
0.3805375099182129 0.3805379867553711
0.380537748336792 0.3805379867553711
0.38053786754608154 0.3805379867553711
0.38053786754608154 0.3805379271507263
0.38053786754608154 0.38053789734840393
0.38053786754608154 0.38053788244724274
0.38053786754608154 0.38053787499666214
