0.0
0.0
0.0
0.0
0.0
0.0
0.0
0.0
0.0
0.0
0.0
0.0
0.0
0.0
0.0
0.0
0.0
0.0
0.0
0.0
0.0
0.0
0.0
0.0
0.0
0.0
0.0
0.0
0.0
0.0
0.0
0.0
0.0
0.0
0.0
0.0
0.0
0.0
0.0
0.0
0.0
0.0
0.0
0.0
0.0
0.0
0.0
0.0
0.0
0.0
0.0
0.0
0.0
0.0
0.0
0.0
0.0
0.0
0.0
0.0
0.0
0.0
0.0
0.0
0.0
0.0
0.0
0.0
0.0
0.0
0.0
0.0
0.0
0.0
0.0
0.0
0.0
0.0
0.0
0.0
0.0
0.0
0.0
0.0
0.0
0.0
0.0
0.0
0.0
0.0
0.0
0.0
0.0
0.0
0.0
0.0
0.0
0.0
0.0
0.0
0.0
0.0
0.0
0.0
0.0
0.0
0.0
0.0
0.0
0.0
0.0
0.0
0.0
0.0
0.0
0.0
0.0
0.0
0.0
0.0
0.0
0.0
0.0
0.0
0.0
0.0
0.0
0.0
0.0
0.0
0.03529411764705882
0.06274509803921569
0.054901960784313725
0.0
0.0
0.0
0.0
0.0
0.0
0.0
0.0
0.0
0.0
0.0
0.0
0.0
0.0
0.0
0.0
0.0
0.0
0.0
0.0
0.0
0.0
0.0
0.0
0.050980392156862744
0.33725490196078434
0.37254901960784315
0.36470588235294116
0.21176470588235294
0.0
0.0
0.0
0.0
0.0
0.0
0.0
0.0
0.0
0.0
0.0
0.0
0.0
0.0
0.0
0.0
0.0
0.0
0.09019607843137255
0.34509803921568627
0.34509803921568627
0.2
0.2901960784313726
0.3568627450980392
0.3764705882352941
0.37254901960784315
0.37254901960784315
0.36470588235294116
0.2784313725490196
0.0
0.0
0.0
0.0
0.0
0.0
0.0
0.0
0.0
0.0
0.0
0.0
0.0
0.0
0.0
0.0
0.023529411764705882
0.32941176470588235
0.3764705882352941
0.37254901960784315
0.37254901960784315
0.37254901960784315
0.33725490196078434
0.12156862745098039
0.12156862745098039
0.3137254901960784
0.37254901960784315
0.27058823529411763
0.0
0.0
0.0
0.0
0.0
0.0
0.0
0.0
0.0
0.0
0.0
0.0
0.0
0.0
0.0
0.0784313725490196
0.27450980392156865
0.37254901960784315
0.3764705882352941
0.37254901960784315
0.22745098039215686
0.1803921568627451
0.03529411764705882
0.0
0.0
0.3176470588235294
0.37254901960784315
0.21568627450980393
0.0
0.0
0.0
0.0
0.0
0.0
0.0
0.0
0.0
0.0
0.0
0.0
0.0
0.0
0.0
0.18823529411764706
0.3764705882352941
0.3764705882352941
0.28627450980392155
0.0392156862745098
0.0
0.0
0.0
0.0
0.0
0.34509803921568627
0.3764705882352941
0.19215686274509805
0.0
0.0
0.0
0.0
0.0
0.0
0.0
0.0
0.0
0.0
0.0
0.0
0.0
0.0
0.0
0.12549019607843137
0.24705882352941178
0.1843137254901961
0.0
0.0
0.0
0.0
0.0
0.0
0.14901960784313725
0.36470588235294116
0.37254901960784315
0.058823529411764705
0.0
0.0
0.0
0.0
0.0
0.0
0.0
0.0
0.0
0.0
0.0
0.0
0.0
0.0
0.0
0.0
0.0
0.0
0.0
0.0
0.0
0.0
0.0
0.0
0.2823529411764706
0.37254901960784315
0.27450980392156865
0.00392156862745098
0.0
0.0
0.0
0.0
0.0
0.0
0.0
0.0
0.0
0.0
0.0
0.0
0.0
0.0
0.0
0.0
0.0
0.0
0.0
0.0
0.0
0.0
0.0
0.0784313725490196
0.34509803921568627
0.37254901960784315
0.12156862745098039
0.0
0.0
0.0
0.0
0.0
0.0
0.0
0.0
0.0
0.0
0.0
0.0
0.0
0.0
0.0
0.0
0.0
0.0
0.0
0.0
0.0
0.0
0.0
0.06666666666666667
0.34901960784313724
0.37254901960784315
0.2823529411764706
0.0196078431372549
0.0
0.0
0.0
0.0
0.0
0.0
0.0
0.0
0.0
0.0
0.0
0.0
0.0
0.0
0.06274509803921569
0.1803921568627451
0.2980392156862745
0.3764705882352941
0.3764705882352941
0.3803921568627451
0.3764705882352941
0.2980392156862745
0.2196078431372549
0.34901960784313724
0.3803921568627451
0.35294117647058826
0.09019607843137255
0.0
0.0
0.0
0.0
0.0
0.0
0.0
0.0
0.0
0.0
0.0
0.0
0.0
0.12156862745098039
0.2823529411764706
0.3764705882352941
0.37254901960784315
0.37254901960784315
0.37254901960784315
0.37254901960784315
0.3764705882352941
0.37254901960784315
0.37254901960784315
0.37254901960784315
0.37254901960784315
0.3764705882352941
0.12941176470588237
0.0
0.0
0.0
0.0
0.0
0.0
0.0
0.0
0.0
0.0
0.0
0.0
0.0
0.12156862745098039
0.36470588235294116
0.37254901960784315
0.34509803921568627
0.3411764705882353
0.19607843137254902
0.1843137254901961
0.054901960784313725
0.027450980392156862
0.2235294117647059
0.37254901960784315
0.37254901960784315
0.37254901960784315
0.3764705882352941
0.09019607843137255
0.0
0.0
0.0
0.0
0.0
0.0
0.0
0.0
0.0
0.0
0.0
0.0
0.12156862745098039
0.36470588235294116
0.37254901960784315
0.22745098039215686
0.0
0.0
0.0
0.0
0.0
0.1843137254901961
0.34509803921568627
0.37254901960784315
0.37254901960784315
0.37254901960784315
0.3764705882352941
0.22745098039215686
0.00784313725490196
0.0
0.0
0.0
0.0
0.0
0.0
0.0
0.0
0.0
0.0
0.0
0.2823529411764706
0.37254901960784315
0.22745098039215686
0.00784313725490196
0.0
0.0
0.0
0.0392156862745098
0.2235294117647059
0.3764705882352941
0.37254901960784315
0.29411764705882354
0.11372549019607843
0.25882352941176473
0.3764705882352941
0.37254901960784315
0.1607843137254902
0.0
0.0
0.0
0.0
0.0
0.0
0.0
0.0
0.0
0.0
0.09019607843137255
0.3764705882352941
0.3176470588235294
0.0
0.0
0.0
0.047058823529411764
0.1411764705882353
0.3215686274509804
0.3764705882352941
0.36470588235294116
0.19215686274509805
0.0784313725490196
0.0
0.0
0.35294117647058826
0.3764705882352941
0.2823529411764706
0.0196078431372549
0.0
0.0
0.0
0.0
0.0
0.0
0.0
0.0
0.0
0.27058823529411763
0.37254901960784315
0.1843137254901961
0.0
0.050980392156862744
0.15294117647058825
0.35294117647058826
0.37254901960784315
0.37254901960784315
0.27058823529411763
0.0784313725490196
0.0
0.0
0.0
0.0
0.0784313725490196
0.3411764705882353
0.37254901960784315
0.24313725490196078
0.0
0.0
0.0
0.0
0.0
0.0
0.0
0.0
0.0
0.3764705882352941
0.37254901960784315
0.2784313725490196
0.2901960784313726
0.3568627450980392
0.3764705882352941
0.36470588235294116
0.32941176470588235
0.08235294117647059
0.00392156862745098
0.0
0.0
0.0
0.0
0.0
0.0
0.25882352941176473
0.37254901960784315
0.32941176470588235
0.10980392156862745
0.0
0.0
0.0
0.0
0.0
0.0
0.0
0.0
0.23137254901960785
0.37254901960784315
0.37254901960784315
0.30980392156862746
0.21568627450980393
0.12156862745098039
0.08235294117647059
0.0
0.0
0.0
0.0
0.0
0.0
0.0
0.0
0.0
0.0
0.23921568627450981
0.37254901960784315
0.1803921568627451
0.0
0.0
0.0
0.0
0.0
0.0
0.0
0.0
0.00784313725490196
0.058823529411764705
0.058823529411764705
0.0196078431372549
0.0
0.0
0.0
0.0
0.0
0.0
0.0
0.0
0.0
0.0
0.0
0.0
0.0
0.027450980392156862
0.058823529411764705
0.00784313725490196
0.0
0.0
0.0
0.0
0.0
0.0
0.0
0.0
0.0
0.0
0.0
0.0
0.0
0.0
0.0
0.0
0.0
0.0
0.0
0.0
0.0
0.0
0.0
0.0
0.0
0.0
0.0
0.0
0.0
0.0
0.0
0.0
0.0
0.0
0.0
0.0
0.0
0.0
0.0
0.0
0.0
0.0
0.0
0.0
0.0
0.0
0.0
0.0
0.0
0.0
0.0
0.0
0.0
0.0
0.0
0.0
0.0
0.0
0.0
0.0
0.0
0.0
0.0
0.0
0.0
0.0
0.0
0.0
0.0
0.0
0.0
0.0
0.0
0.0
0.0
0.0
0.0
0.0
0.0
0.0
0.0
0.0
0.0
0.0
0.0
0.0
0.0
0.0
0.0
0.0
0.0
0.0
0.0
0.0
0.0
0.0
0.0
0.0
0.0
0.0
0.0
0.0
0.0
0.0
0.0
0.0
0.0
0.0
0.0
0.0
0.0
0.0
0.0
0.0
0.0
0.0
0.0
