0.0
0.0
0.0
0.0
0.0
0.0
0.0
0.0
0.0
0.0
0.0
0.0
0.0
0.0
0.0
0.0
0.0
0.0
0.0
0.0
0.0
0.0
0.0
0.0
0.0
0.0
0.0
0.0
0.0
0.0
0.0
0.0
0.0
0.0
0.0
0.0
0.0
0.0
0.0
0.0
0.0
0.0
0.0
0.0
0.0
0.0
0.0
0.0
0.0
0.0
0.0
0.0
0.0
0.0
0.0
0.0
0.0
0.0
0.0
0.0
0.0
0.0
0.0
0.0
0.0
0.0
0.0
0.0
0.0
0.0
0.0
0.0
0.0
0.0
0.0
0.0
0.0
0.0
0.0
0.0
0.0
0.0
0.0
0.0
0.0
0.0
0.0
0.0
0.0
0.0
0.0
0.0
0.0
0.0
0.0
0.0
0.0
0.0
0.0
0.0
0.0
0.0
0.0
0.0
0.0
0.0
0.0
0.0
0.0
0.0
0.0
0.0
0.0
0.0
0.0
0.0
0.0
0.0
0.0
0.0
0.0
0.0
0.0
0.0
0.0
0.0
0.0
0.0
0.0
0.0
0.09803921729326248
0.16862745583057404
0.15294118225574493
0.0
0.0
0.0
0.0
0.0
0.0
0.0
0.0
0.0
0.0
0.0
0.0
0.0
0.0
0.0
0.0
0.0
0.0
0.0
0.0
0.0
0.0
0.0
0.0
0.1411764770746231
0.8901960849761963
0.9882352948188782
0.9686274528503418
0.5568627715110779
0.0
0.0
0.0
0.0
0.0
0.0
0.0
0.0
0.0
0.0
0.0
0.0
0.0
0.0
0.0
0.0
0.0
0.0
0.24313725531101227
0.9137254953384399
0.9098039269447327
0.529411792755127
0.772549033164978
0.9450980424880981
0.9921568632125854
0.9882352948188782
0.9882352948188782
0.9686274528503418
0.7372549176216125
0.0
0.0
0.0
0.0
0.0
0.0
0.0
0.0
0.0
0.0
0.0
0.0
0.0
0.0
0.0
0.0
0.062745101749897
0.8666666746139526
0.9921568632125854
0.9882352948188782
0.9882352948188782
0.9882352948188782
0.886274516582489
0.3294117748737335
0.3294117748737335
0.8313725590705872
0.9882352948188782
0.7137255072593689
0.0
0.0
0.0
0.0
0.0
0.0
0.0
0.0
0.0
0.0
0.0
0.0
0.0
0.0
0.0
0.21176470816135406
0.729411780834198
0.9882352948188782
0.9921568632125854
0.9882352948188782
0.6078431606292725
0.4745098054409027
0.0941176488995552
0.0
0.0
0.843137264251709
0.9882352948188782
0.5764706134796143
0.0
0.0
0.0
0.0
0.0
0.0
0.0
0.0
0.0
0.0
0.0
0.0
0.0
0.0
0.0
0.501960813999176
0.9921568632125854
0.9921568632125854
0.7607843279838562
0.10588235408067703
0.0
0.0
0.0
0.0
0.0
0.9137254953384399
0.9921568632125854
0.5058823823928833
0.0
0.0
0.0
0.0
0.0
0.0
0.0
0.0
0.0
0.0
0.0
0.0
0.0
0.0
0.0
0.3333333432674408
0.658823549747467
0.48627451062202454
0.0
0.0
0.0
0.0
0.0
0.0
0.3921568691730499
0.9686274528503418
0.9882352948188782
0.16470588743686676
0.0
0.0
0.0
0.0
0.0
0.0
0.0
0.0
0.0
0.0
0.0
0.0
0.0
0.0
0.0
0.0
0.0
0.0
0.0
0.0
0.0
0.0
0.0
0.0
0.7450980544090271
0.9882352948188782
0.7254902124404907
0.01568627543747425
0.0
0.0
0.0
0.0
0.0
0.0
0.0
0.0
0.0
0.0
0.0
0.0
0.0
0.0
0.0
0.0
0.0
0.0
0.0
0.0
0.0
0.0
0.0
0.21568627655506134
0.9098039269447327
0.9882352948188782
0.3294117748737335
0.0
0.0
0.0
0.0
0.0
0.0
0.0
0.0
0.0
0.0
0.0
0.0
0.0
0.0
0.0
0.0
0.0
0.0
0.0
0.0
0.0
0.0
0.0
0.1764705926179886
0.9254902005195618
0.9882352948188782
0.7450980544090271
0.054901961237192154
0.0
0.0
0.0
0.0
0.0
0.0
0.0
0.0
0.0
0.0
0.0
0.0
0.0
0.0
0.16862745583057404
0.48235294222831726
0.7882353067398071
0.9921568632125854
0.9921568632125854
1.0
0.9921568632125854
0.7843137383460999
0.5803921818733215
0.9254902005195618
1.0
0.9372549057006836
0.24313725531101227
0.0
0.0
0.0
0.0
0.0
0.0
0.0
0.0
0.0
0.0
0.0
0.0
0.0
0.3294117748737335
0.7450980544090271
0.9921568632125854
0.9882352948188782
0.9882352948188782
0.9882352948188782
0.9882352948188782
0.9921568632125854
0.9882352948188782
0.9882352948188782
0.9882352948188782
0.9882352948188782
0.9921568632125854
0.3490196168422699
0.0
0.0
0.0
0.0
0.0
0.0
0.0
0.0
0.0
0.0
0.0
0.0
0.0
0.32156863808631897
0.9647058844566345
0.9882352948188782
0.9098039269447327
0.9058823585510254
0.5254902243614197
0.4941176474094391
0.14901961386203766
0.08235294371843338
0.5921568870544434
0.9882352948188782
0.9882352948188782
0.9882352948188782
0.9921568632125854
0.24705882370471954
0.0
0.0
0.0
0.0
0.0
0.0
0.0
0.0
0.0
0.0
0.0
0.0
0.3294117748737335
0.9647058844566345
0.9882352948188782
0.6078431606292725
0.0
0.0
0.0
0.0
0.0
0.4941176474094391
0.9098039269447327
0.9882352948188782
0.9882352948188782
0.9882352948188782
0.9921568632125854
0.6039215922355652
0.0235294122248888
0.0
0.0
0.0
0.0
0.0
0.0
0.0
0.0
0.0
0.0
0.0
0.7450980544090271
0.9882352948188782
0.6078431606292725
0.027450980618596077
0.0
0.0
0.0
0.10588235408067703
0.5882353186607361
0.9921568632125854
0.9882352948188782
0.7803921699523926
0.3019607961177826
0.6823529601097107
0.9921568632125854
0.9882352948188782
0.4274509847164154
0.0
0.0
0.0
0.0
0.0
0.0
0.0
0.0
0.0
0.0
0.239215686917305
0.9921568632125854
0.8392156958580017
0.0
0.0
0.0
0.125490203499794
0.3764705955982208
0.8549019694328308
0.9921568632125854
0.9686274528503418
0.5137255191802979
0.2078431397676468
0.0
0.0
0.929411768913269
0.9921568632125854
0.7490196228027344
0.054901961237192154
0.0
0.0
0.0
0.0
0.0
0.0
0.0
0.0
0.0
0.7176470756530762
0.9882352948188782
0.4941176474094391
0.0
0.1411764770746231
0.40392157435417175
0.929411768913269
0.9882352948188782
0.9882352948188782
0.7137255072593689
0.2078431397676468
0.0
0.0
0.0
0.0
0.21568627655506134
0.9058823585510254
0.9882352948188782
0.6392157077789307
0.0
0.0
0.0
0.0
0.0
0.0
0.0
0.0
0.0
0.9921568632125854
0.9882352948188782
0.7411764860153198
0.772549033164978
0.9450980424880981
0.9921568632125854
0.9607843160629272
0.8705882430076599
0.21960784494876862
0.01568627543747425
0.0
0.0
0.0
0.0
0.0
0.0
0.6823529601097107
0.9843137264251709
0.8666666746139526
0.29019609093666077
0.0
0.0
0.0
0.0
0.0
0.0
0.0
0.0
0.6117647290229797
0.9882352948188782
0.9882352948188782
0.8235294222831726
0.5686274766921997
0.3294117748737335
0.21960784494876862
0.0
0.0
0.0
0.0
0.0
0.0
0.0
0.0
0.0
0.0
0.6313725709915161
0.9882352948188782
0.4745098054409027
0.0
0.0
0.0
0.0
0.0
0.0
0.0
0.0
0.027450980618596077
0.16470588743686676
0.16470588743686676
0.054901961237192154
0.0
0.0
0.0
0.0
0.0
0.0
0.0
0.0
0.0
0.0
0.0
0.0
0.0
0.08235294371843338
0.16470588743686676
0.027450980618596077
0.0
0.0
0.0
0.0
0.0
0.0
0.0
0.0
0.0
0.0
0.0
0.0
0.0
0.0
0.0
0.0
0.0
0.0
0.0
0.0
0.0
0.0
0.0
0.0
0.0
0.0
0.0
0.0
0.0
0.0
0.0
0.0
0.0
0.0
0.0
0.0
0.0
0.0
0.0
0.0
0.0
0.0
0.0
0.0
0.0
0.0
0.0
0.0
0.0
0.0
0.0
0.0
0.0
0.0
0.0
0.0
0.0
0.0
0.0
0.0
0.0
0.0
0.0
0.0
0.0
0.0
0.0
0.0
0.0
0.0
0.0
0.0
0.0
0.0
0.0
0.0
0.0
0.0
0.0
0.0
0.0
0.0
0.0
0.0
0.0
0.0
0.0
0.0
0.0
0.0
0.0
0.0
0.0
0.0
0.0
0.0
0.0
0.0
0.0
0.0
0.0
0.0
0.0
0.0
0.0
0.0
0.0
0.0
0.0
0.0
0.0
0.0
0.0
0.0
0.0
0.0
0.0