0.0824808
0.03471454
0.01353638
0.0036245
0.02592845
-0.06407715
0.07687043
-0.02287606
-0.05602477
0.08668708
-0.06109776
0.07592349
-0.01825761
0.02472717
0.01912439
-0.05848125
0.00463721
0.08384044
-0.03669864
-0.06965126
0.00557747
0.06932241
0.03102882
-0.04331505
0.07413948
-0.02785336
-0.0689485
-0.01689845
0.07681877
0.05901773
-0.06538872
-0.00481624
0.03841353
-0.01984698
0.08280741
-0.00997009
0.02137191
0.04772539
0.05637234
0.06766116
0.02897971
-0.05206025
0.07544232
-0.05357474
-0.07870668
-0.02070162
-0.01895488
0.0349624
0.06457517
-0.004094
-0.06655353
0.02429124
0.05255497
0.08425096
-0.06955557
0.01373173
-0.06042859
-0.04908137
0.03152951
-0.05594649
0.08308103
0.06831088
0.05218642
0.0666467
0.02587258
-0.03936873
-0.08576403
0.06714559
-0.06706907
0.01268155
-0.05163762
-0.02968473
0.00475311
0.0429639
0.04940081
-0.08428491
0.02352442
0.04288458
-0.06368938
-0.03776615
-0.07658343
0.04523867
0.08523663
-0.07985746
-0.05786306
-0.01724285
-0.06805696
-0.02829709
-0.08625276
-0.01089456
-0.01144873
-0.01942406
0.08649448
0.02742828
-0.07431324
0.02914038
-0.01142503
-0.02100227
-0.05238777
0.05056172
0.04821966
-0.0308042
0.05381449
0.03860696
-0.082065
0.03474868
0.05121321
-0.06560906
0.04734095
0.04693019
6.1062731e-02
-6.8768859e-05
-2.8473958e-03
-1.5071332e-02
-5.5021614e-02
-4.9077991e-02
2.7272612e-02
-1.6067624e-02
-7.7417113e-02
5.6759425e-02
-0.03557021
-0.07659537
-0.4048783
-0.03447568
-0.26261774
0.03577376
0.58481
-0.07672872
-0.09576036
-0.17288269
-0.0605988
0.03887262
0.03006505
0.04573091
-0.27379945
0.04148436
0.5820472
-0.05494016
-0.04699218
-0.09914389
-0.01537288
-0.03008963
0.56553406
0.04928828
-0.0516827
0.0832546
-0.44138268
-0.00793336
-0.01965025
-0.03059241
-0.00043769
-0.06245425
0.21572497
0.06236274
0.01742173
0.00836241
0.00447334
0.00240976
-0.0128269
0.03094052
0.0308452
0.07617145
-0.04424917
0.03441259
0.04059411
0.04504537
-0.01333142
-0.02139124
0.00184125
0.04348481
0.01463402
-0.07838494
-0.07967632
-0.05552435
0.03756952
0.04289802
-0.07208921
0.01256709
0.0575865
0.02056026
-0.04221737
0.02109218
0.08256865
-0.03251341
0.06216782
-0.08376153
0.05443966
-0.02965377
-0.04328604
0.06474767
0.06733478
0.0387476
0.04304572
0.07503106
0.03469998
0.07108761
0.06292161
-0.06871526
0.0283328
0.07975224
0.00521412
-0.00272854
0.08293929
-0.05849876
-0.05229552
0.02234497
-0.05136186
0.08388648
-0.08263147
-0.01894768
0.04249769
0.008631
0.02841939
0.03473353
-0.03336641
0.05617305
-0.08665701
-0.07243675
-0.02504698
0.03052695
-0.08455276
-0.0154944
-0.04123038
0.05679403
0.05585011
0.06622239
0.03028391
-0.00217925
0.0132953
0.02907185
-0.0434684
-0.00691041
-0.07462311
-0.06850709
-0.02094098
0.01977532
0.02163748
-0.06570073
-0.08071353
0.0564551
-0.08042946
0.01456981
-0.07218376
0.02117087
0.02370643
0.05151062
-0.05640113
0.06387424
0.07048566
-0.07281682
0.02996009
-0.04734903
-0.07801907
0.02267507
0.06232699
-0.07269742
0.02428505
0.04184815
-0.07041813
0.05289314
-0.05146497
-0.05559378
-0.04912479
-0.00309306
0.02261666
-0.00287614
-0.0637127
0.02664566
-0.06913872
-0.04113676
0.07057511
0.06987273
-0.01445273
-0.07603232
0.02524284
-0.05978776
-0.00978083
0.05752303
-0.02945121
-0.01609954
0.08347792
0.06786943
0.0179119
-0.06364612
0.07348832
0.01916701
-0.07701195
0.0509555
0.04561798
0.03305764
-0.02499506
-0.05852423
-0.00790884
0.04294305
-0.01978485
0.02646618
-0.04270504
-0.07885022
0.01186521
0.02431358
-0.06953601
-0.02374129
0.06407877
0.05677516
-0.03901907
0.03193025
0.04749987
-0.02844628
0.08579781
-0.03558021
-0.03183778
0.00183603
-0.05774147
-0.02850733
-0.08307483
0.06002059
-0.06188247
-0.061844
0.05663932
-0.05330492
-0.08346856
-0.06654801
-0.05337102
-0.01866184
-0.11177231
-0.06259301
0.289491
0.04971314
-0.03421756
0.0034509
0.04825869
-0.01972502
-0.16777104
0.02365925
-0.26182407
0.0320077
0.5260734
0.06129853
-0.05709968
-0.06503032
-0.0854597
0.02477841
-0.5584483
-0.07152348
-0.7686619
-0.03939649
0.7651431
-0.02086125
0.02589096
-0.09608348
-0.01716024
-0.22933175
-0.36123613
0.03998575
-0.7885688
0.00110827
0.74939495
-0.30169216
-0.04026128
-0.09679543
0.02751688
-0.49169207
0.00178672
-0.06245118
-0.8680753
-0.10118834
0.6383067
-0.310946
-0.07002867
-0.08949595
-0.30585364
-0.52771324
-0.18316454
-0.13437498
-1.1381112
-0.21582153
0.8512441
-0.30487898
-0.14332728
-0.11062674
-0.6946827
-0.52386224
-0.31386244
-0.32743844
-0.82369685
-0.3414315
0.9066035
-0.3064987
-0.19865425
-0.24134184
0.58517337
-0.15271401
-0.60732627
-0.4977864
-1.5466884
-0.36742672
0.47757897
-0.67150974
-0.24498105
-0.5934357
0.5889264
-0.32359427
-0.97931063
-0.6274783
-1.5122668
-0.55198854
0.52682024
-0.7247959
-0.13378209
-0.5145319
0.57169616
-0.6221788
-0.5718206
-0.6011025
-1.3682175
-0.7364369
0.55822253
-0.6430354
-0.32665133
-0.4688262
-0.8122842
0.66788983
0.07532984
-0.76184535
-0.38845435
-0.6516824
-0.20931122
-0.17692599
-0.2749256
-0.35087448
-0.6924398
0.67343044
0.3219407
-0.73614615
-1.0824722
-0.9192083
0.27390334
-0.60838586
-0.31900263
-0.6657283
-0.8155286
-0.8715834
0.72755545
-0.70958865
-0.99186814
-1.0574622
-0.04023298
-0.6757768
-0.4015675
-0.59125227
-0.89408743
-1.1605344
0.08818109
-0.19759071
-0.8123455
-1.1018969
0.65867853
-0.5129665
-0.46425623
-0.6463835
-0.21691012
-0.43823984
-0.67283326
-0.08337587
-1.490107
-0.6775624
1.4181142
-0.060394
-0.61090624
-0.31740776
-0.09225814
-0.06920802
-1.1224
-0.21418208
-0.6831177
-0.8161394
0.9022097
-0.03128021
-0.6276986
-0.43107423
-0.13873573
0.00492184
-0.84636015
-0.14572869
-0.9211825
-0.8060304
1.1824881
0.05167599
-0.44865188
-0.5703968
-1.6482086e-01
-4.3693781e-02
-6.8826371e-01
-9.7587436e-02
-6.5068007e-01
-5.3104204e-01
7.8419024e-01
3.3647401e-04
-1.7064509e-01
-5.5015957e-01
-0.02390681
-0.07209288
-0.46309456
0.031841
-0.90103656
-0.02280936
0.85177356
-0.17803676
-0.15493678
-0.63136315
-0.01006793
-0.02777489
-0.27299887
0.08210737
-0.68716955
-0.02092932
0.712064
-0.16443752
-0.14563154
-0.434239
-0.06210612
0.08546034
0.08580368
0.07877963
-0.0383162
-0.04900771
0.06595562
-0.06837517
-0.03415475
0.07948033
-0.05148746
-0.07294606
0.0744646
-0.00931252
0.06563065
-0.01236313
0.08187395
-0.06738763
-0.05870612
-0.00018948
0.02566746
-0.03948604
0.08592648
0.07816768
-0.01068491
0.0797398
0.062138
0.0101364
-0.01630928
-0.05496777
0.08638033
-0.00273482
-0.02213164
0.04204345
-0.05556456
0.02731682
0.08594697
0.07019997
0.03592278
-0.02324272
-0.05393763
-0.07307804
0.07411199
0.05648417
-0.07954345
0.06720718
0.00242882
-0.01004016
-0.00183585
0.04954479
0.06059872
-0.07137718
-0.02333687
-0.06031197
-0.02299462
0.03650142
-0.0812222
-0.00178443
-0.02558632
0.02602725
-0.01008462
0.07776136
-0.01975336
0.06268713
-0.05065133
-0.07894953
0.12142864
-0.03086922
-0.10085998
-0.04707829
0.46571702
-0.0535929
-0.2339982
-0.04348473
-0.4912656
-0.47550738
0.37132376
-0.4179643
-0.03639094
-0.451717
0.5307425
0.00527781
-0.72775257
0.03738618
-0.83363307
-0.4209006
0.9768001
-0.47173306
-0.10636012
-0.44636413
-0.39527884
-0.03793466
0.04876202
-0.56984335
-0.3826669
-0.13819742
0.87054384
0.02931388
-0.10529147
-0.09872788
-0.63394094
-0.13844474
0.11714121
-0.5599174
-0.8687973
-0.25423864
1.1552445
-0.140823
-0.15818277
-0.09640763
-0.01111596
-0.46312618
-0.15029874
-0.7264584
-0.9801831
-0.4969069
1.283467
-0.74422866
-0.32273528
-0.38514474
-0.6826954
-0.64509827
0.50784576
-0.8900279
-1.4659247
-0.90431273
0.99925846
-0.5845401
-0.6711475
-0.42521003
-0.9941092
-0.66993403
0.7009824
-1.3526971
-1.5078659
-0.8627557
0.49671853
-0.5513998
-1.0129538
-0.49952048
-2.1506574
-0.9477963
0.31398997
0.0571043
-1.4451816
-0.604253
0.99961054
-0.7714895
-1.1677294
-0.5254707
-0.48933095
-0.78754586
0.6697984
0.32299423
-2.7391737
-0.6330711
0.9870787
-1.0073173
-1.4461415
-0.8162515
-0.35839805
0.00321358
0.5364205
0.33011982
-1.6609938
-1.0736853
0.75014544
-0.9350305
-2.068241
-0.70136297
-0.78388804
0.50123703
0.11100683
0.04447233
-1.6613474
-1.9127605
0.33382836
-0.8115157
-2.192551
-0.99109155
-1.3831079
0.31486896
0.09711177
0.14145368
-1.6670586
-1.6995333
0.57910186
-0.28441122
-2.3478594
-0.95650256
-1.8981014
0.77391386
0.28383937
-0.18861346
-1.2602357
-0.41765797
0.27485773
-0.71281004
-2.3565974
-1.0096836
-0.65050006
0.607919
0.30222076
-0.55279833
-0.6521589
0.10756695
0.34419215
-0.8017782
-2.8051054
-1.0604829
-1.8007222
-0.24728227
0.09842554
-0.49137312
-0.3593403
0.359298
0.48097265
-0.74680465
-0.4717809
-1.2004294
-1.9514452
-0.86560184
0.04062345
-0.41293782
-1.7272458
0.29883102
0.33114737
-0.10080145
0.08039292
-0.8436734
-0.81332725
-0.949141
-0.28399107
-0.503751
-1.449803
0.16784038
0.43222755
-0.12693204
-1.7406805
-0.862992
-1.8177598
-0.9244234
-0.02524139
-0.46101967
-1.4896029
-0.257238
0.59542024
-0.06610732
-1.9716662
-0.8854354
-1.4560033
-0.8441331
0.041912
-0.96966374
-0.545345
-0.481843
0.83504313
-0.06279553
-1.3915824
-0.63838524
-0.8829884
-0.67964756
-0.66722035
-0.8579367
-0.38907358
-0.365516
1.0764596
-0.18870106
-0.8799557
-0.76936924
-0.6453359
-0.5998519
0.42282447
-0.40677926
-1.1125346
-0.46275938
0.96294504
-0.24680203
-1.13634
-0.55973923
-0.28405198
-0.24800071
0.6359606
-0.12670466
-0.8751215
-0.7998897
-0.15959807
0.03533539
-1.0091211
-0.04518757
-0.1422397
-0.04050834
0.6585866
0.05787368
-0.615147
-0.54402155
-0.50491935
-0.05079088
-0.5552446
-0.07993668
-0.04052894
0.0075634
0.0490747
0.0494182
0.01739298
-0.01410618
0.01154643
0.02376334
-0.02080233
-0.0163445
0.08655315
-0.05014395
-0.04759029
-0.03226325
0.06692161
0.01455228
-0.0163668
-0.05346302
-0.01095775
0.04516787
0.07365789
-0.00737938
-0.03837844
0.01076297
0.00493106
0.05877583
-0.05911516
-0.08398141
-0.00431822
0.0709716
0.06433261
-0.06956011
0.08179917
0.02652998
-0.0350971
0.06883959
0.04166513
-0.05432766
-0.03320359
0.07988688
-0.09553421
0.5797305
-0.36812013
-0.38406673
-0.26054236
-0.03189266
-0.5157749
-0.08649147
-0.5140764
-0.06244269
0.51935345
0.5579542
-0.6739658
-0.29823202
-0.6390291
-0.42145887
0.53844815
-0.56983596
-0.59393483
-0.67460316
-0.2237613
-0.13296527
-0.78284913
-0.5627043
-0.78152823
-0.3355279
0.2640733
-0.4860296
-0.2137948
-0.5085003
-0.4248031
-0.6099474
-0.1069581
0.6991604
-0.51832044
-0.6517625
0.5068674
-0.42975926
-1.0181252
-0.58432466
-0.59521526
-0.44214484
0.09040963
0.43556812
-0.95617044
-0.68972355
0.93583256
-0.92253333
-1.030377
-0.6403672
-0.8432739
-0.74616385
0.49650127
0.46117577
-1.4983256
-0.96673346
0.45691335
-1.2394099
-0.91446745
-0.71969956
0.07633372
-1.0555058
0.33198738
0.82628864
-1.6005666
-0.4558289
0.5365412
-0.94147563
-1.0403366
-0.60519344
-0.2148934
-0.50455403
0.8736579
0.34227437
-1.2831686
-0.0689226
0.5618817
-1.382453
-1.2217276
-0.7734824
0.09518437
-0.7125231
0.5620254
0.42331383
-0.8504502
0.11482632
0.5355319
-1.0287423
0.02544017
-1.1495456
0.12441304
-0.83806574
0.5499733
0.5678825
-0.97528356
-0.23375957
0.45456058
-1.175584
-0.2848609
-1.6253607
-0.05868113
-0.18443508
0.40086257
0.6780747
-1.334632
0.13471209
0.22434697
-1.2482017
-0.29413226
-2.1025674
0.22816078
-0.13966265
0.5691371
0.27818695
-2.40596
-0.02209065
0.305512
-1.4619197
-0.06258185
-2.135997
0.33699587
-0.53568673
0.35060644
0.5696889
-1.605029
-0.00627889
0.16797096
-0.9074456
-0.16350937
-2.4004612
-0.00576518
-0.10521884
0.1243786
0.38315088
-1.172678
0.12503447
0.16713744
-1.1445932
-0.1248067
-2.5503159
0.1530749
0.1238215
0.28093594
0.22186558
-1.012151
-0.11841793
0.01704787
-0.83177894
-0.13783477
-2.3975277
0.03932209
-0.44802132
0.05790488
0.22623648
-0.6632149
0.02205365
-0.14594314
-1.101704
-0.12533282
-0.95531124
-0.34361312
-0.66333157
-0.2554723
0.29614702
-0.6215242
0.07622629
0.17507519
-0.8365748
0.23570469
0.15076604
-0.2905237
-0.27475798
-0.32512936
0.21671557
-0.2558447
0.10078075
0.24693781
-0.7115355
-0.4382284
-0.29821047
-0.16196261
-0.32105082
-0.43164948
0.5265638
-0.23915167
0.1027338
-0.17258005
-0.9807549
-0.33894435
-1.2801374
-0.6204537
-0.33843923
-0.15198968
-0.29932383
-0.01042207
0.47940415
0.19418749
-0.9190077
0.09812909
-1.0839822
-0.4980306
-0.64049417
-0.12337319
-1.03313
0.03859904
0.34168229
0.49397165
-0.6387381
0.32237256
-0.76755285
-0.29135102
-0.86360055
-1.5656624
-1.0179306
-0.02790464
-0.07900564
0.7572943
-0.17645532
0.52311176
-0.33883744
-0.11871632
-1.3048247
0.19742383
-0.60402876
-0.48789337
0.1095784
0.33828622
-0.02272855
-0.20771849
-0.22368783
0.25021645
-0.7414843
0.5942119
-0.12752248
-0.68785715
0.50451016
-0.48998487
-0.04507501
-0.13353364
-0.0965972
-0.50809276
-0.62803817
-0.2843346
0.02123628
-0.5040338
0.57846934
0.26075011
0.06028826
-0.56724125
-0.02575985
0.0829002
-0.03168856
-0.0220104
-0.03122768
-0.00121195
-0.07047947
-0.00437725
0.06914478
0.04840034
-0.07022116
-0.02355097
0.04754526
-0.02076239
0.07824212
0.03523606
-0.07841119
-0.04137488
-0.04244421
-0.08233373
-0.04775349
-0.0713712
-0.06845224
-0.2331037
0.2857891
0.01977379
-0.29528055
0.02763575
-0.02629405
-0.10917786
-0.04829777
-0.07775391
0.5507904
-0.80449057
0.36771974
-0.0971182
-0.6608667
-0.5594997
-0.06052252
-0.14010745
0.01921126
-0.35467553
0.33788827
-0.7489499
0.6850461
-0.7923837
-0.8962638
-0.44578323
0.57196975
-0.90332466
-0.35765436
-0.60562664
0.26911104
-0.6365108
0.52009046
0.5611326
-1.3739285
0.5536945
-0.08113337
-1.2024158
-0.2610143
-0.9457789
-0.6437958
0.20074663
0.6287534
0.22102755
-1.0775099
0.24647906
-0.766114
-1.4516722
-0.56456536
-0.70519954
-0.61211014
0.8224008
0.40052778
-0.6532962
-0.5067797
0.08788691
-1.1239057
-0.57196695
-0.8228299
-0.00433096
-0.18049732
0.18557887
0.21626456
0.087033
-0.10585664
-0.03751764
-1.436583
-0.29828623
-1.4593929
0.11812269
0.1204875
0.17335758
0.42381185
-0.19531241
-0.4715587
0.0761054
-1.729342
0.13664927
-1.592486
0.3638984
-0.1767206
0.4604087
0.26444682
-0.55679756
-0.27840045
-0.10649389
-1.270308
0.22495037
-2.4428456
0.01509203
0.08536669
0.24687198
0.4000808
-0.56155246
-0.0303957
0.01020404
-1.6809994
0.1380995
-2.4336498
0.30941564
-0.3731076
0.33414665
0.3836621
-0.2948537
0.18098074
-0.14113477
-1.1793306
0.19616587
-0.93577415
-0.11026371
-0.11520761
0.2995839
0.37582275
-0.2326219
0.01826325
-0.28586337
-1.0573077
0.25387296
-0.96855026
0.06430367
0.1338991
0.1894951
0.378863
-0.33651528
-0.30815798
-0.16109595
-0.9221286
-0.0045497
-0.78653187
-0.08185434
-0.00818913
0.28949866
0.194945
-0.60893005
-0.06929389
-0.10210656
-1.3742819
0.28026152
-0.8731782
0.05627703
0.03402603
0.04607829
0.16556631
-0.64410836
0.19128294
-0.2902429
-1.812435
0.2140557
-0.9686039
-0.11374515
-0.16825563
0.07753758
0.27953896
-0.25358745
0.03240379
0.00500018
-1.8478843
0.19273598
-1.107344
0.16174287
-0.28769273
0.07405515
0.06408515
-0.28710985
0.14848752
0.07287006
-2.911589
0.04396548
-1.180615
0.01475868
-0.11102901
0.04337882
0.26122412
-0.43345866
0.23643453
-0.15995686
-2.5487325
0.1364711
-0.7568781
-0.04602364
0.08791238
-0.12393954
0.00943214
0.19155295
0.07121776
-0.05914121
-2.1033454
-0.02224035
-2.4011917
-9.90790874e-02
1.12678367e-03
-1.31548569e-01
-1.01056516e-01
4.39136654e-01
-2.56712139e-01
9.41894576e-02
-1.56955278e00
2.04696909e-01
-2.46266627e00
-0.20258428
-0.03908228
-0.3487729
-0.35539323
0.59957206
0.17789675
0.10968164
0.03933627
0.02778293
-3.1392016
0.07654568
-0.3280764
-0.7150254
-0.11210889
0.6533708
0.0541608
0.2693955
-0.46622217
0.06749231
-1.8307428
-0.0172898
-0.33618724
-0.9148529
-1.6808168
0.51732624
0.23690335
0.2591719
-0.951222
-0.153946
-1.3714582
-0.3963557
-1.0657027
-1.1087023
-1.9232186
0.7779435
0.63008076
-0.49553967
-0.22620814
0.45418677
-0.78900135
-0.32718503
-1.1999308
0.2962018
-0.7726579
-0.03793273
0.56449705
-0.38914084
-0.15725219
0.4968837
-0.18763836
-0.72093034
-0.99018294
-0.55884254
-0.09776773
-0.49232194
0.45604694
-0.13544646
-0.19270442
0.54278857
-0.1697283
-0.00700309
-0.69476616
-0.50464827
0.04499664
-0.56176543
-0.77342343
0.57851636
0.01561498
-0.04546913
-0.08467225
-0.03142588
-0.04335849
0.0136869
-0.07936554
-0.04959016
0.01089242
-0.04070022
-0.03122482
-0.01196662
0.06039383
-0.05542183
-0.03714538
-0.08498947
-0.04279279
-0.02347682
0.08143585
-0.03350599
-0.05421514
-0.00952311
-0.08027413
-0.6835829
0.7414665
0.2930005
-0.11989105
-0.6754424
-0.8084378
0.43006685
-0.23102094
-0.8910007
-0.07654715
-0.48863563
0.6846319
0.02970936
0.7310011
0.13098566
-0.9873263
-0.89302516
-0.1375687
-1.07606
-0.64675057
-0.6952076
0.60446453
0.3549631
0.77589697
0.32960388
-1.264382
0.31516048
-0.6098358
-1.1646811
-0.7002604
-0.9381217
-0.5404323
0.05624212
0.51217455
0.02810895
-0.46794155
-0.67312634
0.4451227
-1.0192735
-1.5949776
0.00491145
-0.7058078
0.03309613
0.36181396
-0.339702
-0.48882025
-0.35285112
0.3350883
-0.15205315
-1.9896879
-0.0582801
-0.8975231
0.03309286
0.2726229
-0.10508048
-0.13175303
-0.31268707
0.39019877
0.0549905
-0.49797562
0.21030517
-0.6902546
0.1328828
0.07722118
-0.04499875
-0.16953912
0.0744359
0.42674297
-0.0817328
-0.26532543
0.05584525
-0.47355908
0.0738374
0.16208561
0.15754633
0.0224492
-0.0405272
0.34907362
0.07688038
-0.57073116
0.27293605
-0.27543667
0.17503996
0.19182631
-0.18177833
0.17008448
0.09343085
-0.0923349
-0.09473272
-0.25143537
0.09957041
-0.5739651
0.2017272
0.16152073
0.01432676
0.03744739
-0.4662451
-0.10770974
0.246335
0.24108303
-0.08085374
-0.5119016
0.25991243
0.18357022
0.08412857
-0.0150508
-0.24908699
0.01397538
0.26532552
0.14337933
0.22685127
-0.09403896
0.12144142
0.08104521
-0.37182814
0.02034317
-0.3427846
-0.0592256
0.25406033
0.13825665
0.19490647
-0.20411539
0.08481962
0.12950629
0.0602044
-0.05802745
-0.04196054
-0.27066946
0.16722538
-0.20837693
0.04158561
0.12277919
0.17987289
0.22177024
0.09598828
-0.1853553
-0.13905767
-0.307535
0.18764849
-0.03958281
0.11906598
-0.23184444
0.3225968
0.25154942
0.07959174
0.10862323
-0.25854596
-0.30967632
0.17127557
-0.5185863
0.1084306
-0.4942915
0.13341467
-0.02679366
0.01669015
0.1925428
-0.0185911
-0.50697565
0.30016306
-0.36677423
0.26803678
-0.20332119
0.09278973
0.042131
0.13690372
0.16490895
0.14431292
-0.28188056
-0.10010404
-0.40587977
0.06895714
-0.26485744
-0.11856779
0.16935384
0.14996558
0.0090704
0.20059773
-0.7746584
0.08336885
-0.1923619
-0.08207429
-0.11715614
0.06803462
-0.08857301
-0.0653251
0.25297067
0.09797385
-1.5747163
0.18988946
-0.234923
-0.03746581
0.2229152
-0.04454816
-0.07739943
0.00877279
0.06356338
0.11601651
-0.9284753
0.03069344
-0.39409298
0.06394356
0.20776701
0.07678778
-0.15344195
0.01088446
0.14433211
-0.07357549
-0.43243927
-0.09379683
-0.7460754
-0.33450505
0.14843968
-0.04229524
-0.6908162
0.42226863
0.0492155
0.42146105
-2.0652046
-0.40635964
-2.919243
-0.48418725
-0.109303
-0.5659525
-1.5894402
0.19764987
0.2896279
0.16179866
-1.6074705
-0.05502778
-2.834796
-1.0672832
-1.4561423
0.04672278
-2.0730186
-0.2996787
0.77891415
-0.0060853
-0.718013
0.6097018
-1.3421164
-1.1726662
-0.7614471
-0.6951113
-0.6012708
-0.77416176
0.4441792
0.34867585
-0.34744388
0.02353613
-0.8240781
-0.5742149
-0.67026865
-0.5623251
-0.1384159
-0.5956268
-0.22161683
0.51331776
-0.17571016
-0.46084613
0.00806448
0.07738932
0.08315165
0.03689433
-0.03123498
0.02658886
0.05283431
-0.05724648
-0.02160667
0.02417296
0.07255089
0.00830987
-0.07358139
-0.32390976
0.5052324
-0.08741478
-0.3551527
0.0658479
-0.22551519
-0.3739276
-0.54357564
-0.66515523
-0.6206721
-0.32152984
0.23532571
-0.69152206
0.5021578
-0.28804493
0.51879877
-1.0350927
-0.7772609
-0.7543
0.59219515
-0.11661068
0.41970465
-0.6027653
-1.3939567
-1.0348698
0.765596
-1.377253
-0.850518
-0.7179501
0.6095998
0.5057667
0.15113749
0.26320785
-0.26452017
0.1365597
0.17883219
-0.51365286
-1.0358096
-0.08120859
-1.2265434
0.0989873
0.16717902
0.26756397
0.04136154
-0.44955248
0.3890767
-0.26006728
-1.6122742
0.10808929
-1.1649619
0.18133375
0.27090842
-0.17983279
-0.09500787
-0.37505722
0.3913363
-0.20200513
-0.5155333
0.0528731
-1.3969696
0.01749636
0.09132269
0.08314841
-0.05675107
0.01130302
0.337121
-0.09991693
-0.37600586
-0.13566555
-0.49068928
0.1001417
0.12754555
-0.07409615
-0.00536975
-0.10608777
0.36455375
0.00724261
-0.18584359
-0.43816522
-0.42473888
0.15960772
0.32469022
0.05239755
-0.04271373
-0.15414032
0.18829189
-0.03374835
0.07210329
-0.01414254
-0.2517987
0.25568533
0.33510128
-0.18292505
-0.01451185
-0.24230903
0.3318938
-0.05866341
0.03488062
0.11624631
-0.01664761
-0.02336582
0.24018143
-0.2770536
0.12455406
-0.11359551
0.46072277
0.14920892
0.27221212
-0.04057775
-0.23863843
0.10982851
0.08581936
-0.33963266
0.02980631
-0.04153005
0.28729752
0.2496961
0.19614424
0.29562005
-0.31295896
0.14279504
0.36748958
-0.52408546
0.00533726
-0.322197
0.02496132
0.11773911
0.39427397
0.21735765
-0.29195377
0.07363149
0.13020249
-0.45845482
0.1832145
-0.13850549
-0.00527142
0.05700789
0.36389574
0.07048733
-0.35448793
0.22320454
0.16479602
-0.5153112
-0.03233552
-0.02396004
0.06469961
0.29876617
0.28372777
0.0794808
-0.39131415
0.15360539
0.19986391
-0.62023854
-0.06556948
-0.21136513
0.07725206
0.02149585
0.3374876
0.17262144
-0.39293385
-0.06886935
0.02065673
-0.2734844
0.01556256
-0.14513929
0.13531138
0.15089117
0.38131303
0.27258345
-0.10143186
0.00085081
0.26260978
-0.47453296
0.08756512
-0.26733184
0.09291482
-0.0546207
0.40959078
0.0861496
-0.17758209
-0.1562352
-0.14882667
-0.24733745
0.33095443
-0.14024574
-0.06283936
0.27711308
0.00780764
0.01425905
0.04095342
-0.20954543
-0.028782
-0.28081283
0.21424209
-0.15624057
-0.05700803
0.08496097
0.11627086
0.36736643
0.00407846
-0.20359086
0.00477398
-0.14915793
0.013115
-0.02439221
0.16626224
0.03670232
-0.02062458
0.35758466
0.02805399
-0.25550672
-0.12169345
-0.02428011
0.28770813
0.0062676
-0.01837134
-0.11122817
-0.27867484
-0.17367412
0.15517758
-0.7362472
-0.21802041
0.3778018
0.09897517
0.16435649
-0.82575744
0.15456757
-0.6512608
-0.78851277
-0.08323072
-0.58344996
-1.1384637
-0.02101446
0.687882
0.25307074
-0.6871761
-0.0472913
-0.7801949
-1.8134707
-2.128027
-1.699006
-2.686042
-0.33859566
0.7598473
0.0672118
-1.1726614
0.60129744
-0.1864736
-1.5673422
-0.7525638
-0.7573349
-0.9366992
0.20597029
0.4365972
-0.02524542
-0.9015598
0.0989069
-1.0733136
-0.72706354
-0.42329746
-0.23411198
-0.16515729
-1.1171409
0.15457945
0.40813905
-0.38601264
-0.32256323
-0.47248432
0.01777952
-0.02973358
-0.0205257
-0.01742811
0.06277488
0.00484679
0.0041795
0.03615875
-0.00076034
0.03216789
-0.5939429
-0.6127933
-0.90186524
0.88020575
-0.55008173
-0.8938527
0.00613542
0.25374696
-1.0874624
-0.81859
-0.65248156
-0.57542235
0.37238878
-0.34782943
-0.65300286
0.1246585
-0.6324356
0.73154944
-1.2443082
-1.0356793
-0.5022317
-0.23576294
0.1252094
0.20398922
-0.3777397
-1.7798272
-1.0420971
1.0708638
-0.50398624
-1.0794388
-1.0169467
-0.3204292
0.5802301
0.50198114
0.12371977
-0.9308137
0.20268121
0.18911652
-0.01675075
-1.2898371
0.01914425
-1.2074727
0.1328174
0.4374549
0.34482345
-0.19246012
-0.19203217
-0.02151219
0.03303039
-0.9172499
0.2786709
-1.5483533
0.23166119
0.1945643
-0.07900857
-0.0277356
-0.5556399
0.2604392
-0.14396729
-0.26540565
-0.01082901
-0.6940784
-0.05413793
0.06226237
0.02300209
-0.05528788
0.07800224
0.3035691
-0.08092424
-0.40194556
-0.42470533
-0.5467575
0.1547716
0.0664227
0.00061373
0.27834195
-0.21080056
0.15454303
0.18888755
-0.03479313
0.18344577
-0.09821432
-0.00839909
0.13497604
0.04722648
0.12251146
-0.09056502
0.22878891
0.11537164
-0.00027334
0.19188403
0.01371834
0.11460618
0.10199624
-0.10203628
0.28065553
-0.08368869
0.43152937
0.12449665
0.05230593
0.14062783
-0.07242706
0.33472532
0.03713813
0.01596498
0.26663464
-0.01646682
0.31995374
-0.03978965
0.1881767
0.12318415
0.15545125
0.03047856
0.21302776
-0.46461445
0.14586127
-0.07536365
0.27522278
-0.03886749
0.27204594
0.25897464
-0.16273831
0.19674015
0.12125641
-0.2905597
-0.03821464
-0.3204841
0.15547812
0.05054614
0.52226466
0.03894474
-0.06723226
0.0947843
0.26576462
-0.3647943
0.09941655
-0.0942056
-0.01479915
-0.23529522
0.41738507
0.08877257
-0.35536546
-0.05194216
0.250254
-0.42433718
-0.10616896
-0.08305426
0.08085841
0.2686551
0.5386036
1.2049380e-01
-3.7584391e-01
-2.2570163e-04
5.5992726e-02
-4.2517492e-01
1.3728844e-01
-3.1978515e-01
2.3900284e-01
8.8698618e-02
4.7877872e-01
0.33355552
-0.19074026
-0.18135259
0.17629914
-0.07685406
0.13688776
-0.13473284
0.34034508
-0.06876958
0.27323574
0.31972402
-0.13824272
0.04233997
0.04835896
-0.10798177
0.16420612
-0.22611128
0.3956437
0.19615562
0.18316518
0.28348115
0.03575092
0.00699598
0.15844333
-0.05982566
0.0903745
-0.33383057
0.17289706
0.11565548
0.12982765
0.0873577
0.11004706
-0.05118681
0.12331384
-0.11397772
0.20663647
-0.27891508
0.27113432
0.05149472
0.10924617
-0.01077578
-0.00128831
0.07330624
-0.11864026
0.05095764
0.21450365
-0.07154589
0.24161223
0.2367319
0.07302541
-0.00500628
-0.07107985
0.23987599
-0.08061253
0.2069817
0.24691592
-0.19968179
0.07194484
0.1303281
-0.18929952
0.16438828
-0.23860748
-0.76573145
-0.35606113
0.19250299
0.30165774
-0.16047332
-0.08476079
0.22485773
-0.22319354
-0.06521411
-0.97323
-1.0664042
-1.4411424
0.03937672
0.626324
0.36160734
-0.44458592
0.13497074
-0.6281824
-1.1754012
-1.8156267
-1.843519
-2.4504385
-0.10323454
0.95624894
-0.28491354
-0.5209159
-0.016938
-1.0234889
-1.4154636
-0.50945884
-0.8229848
-0.89197224
0.48957962
0.18189782
0.16433142
-1.4643278
0.11349613
-1.7407502
-0.39691085
-0.5422973
-0.19192995
-0.20027314
-1.2066804
0.39100954
0.24524361
-0.5277737
-0.2912255
-0.60204136
0.6433415
0.0249158
-0.44241524
-0.12424611
-0.64915186
-0.08430694
0.01880253
-0.58929676
-0.16770615
-0.5488929
-0.27212626
-0.6351948
0.56073874
-0.36711037
-0.7520933
-0.6915131
-0.0389662
1.1623942
-1.1267718
-1.4078126
0.49424455
-0.5944494
-0.02515117
-0.04064533
0.46831062
-0.9886454
-0.59530187
0.19349097
-1.3018867
-1.5835065
4.3815100e-01
3.7567034e-01
1.6072439e-03
2.1778007e-01
-2.5267504e-02
-1.7100259e00
-1.2675717e00
7.5007510e-01
3.2370442e-01
-1.1299422e00
-0.8227336
-0.6988171
0.46081614
0.33117002
0.02809203
-1.3051434
0.10148751
0.34231046
0.10120181
-0.383212
0.11257293
-1.6235147
0.08305326
0.05583598
0.3067587
-0.30566686
-0.23725258
0.2615149
0.05098261
-0.15675072
-0.03500665
-0.8801776
-0.0227804
0.04898639
0.1007349
-0.17225516
-0.3879437
0.34326208
0.3309322
-0.03047397
-0.05624264
-0.51384026
0.04680534
0.07746503
0.12930983
-0.1844101
-0.20292608
0.5989559
0.19824621
-0.38017732
0.05493525
-0.60670936
0.0589391
0.01857199
-0.13107081
0.24074864
-0.21751434
0.42718682
0.09237972
0.26834095
1.76127151e-01
-3.92076522e-01
1.05094694e-01
1.87630692e-04
1.02531865e-01
1.46959096e-01
2.13612244e-03
3.24634016e-01
2.43107289e-01
-3.98646630e-02
0.09090538
-0.00398443
0.37974077
0.1365259
-0.20196414
0.06701944
-0.20567907
0.1121878
0.15084167
-0.03152274
0.03475566
-0.27308834
0.07185726
0.05315307
-0.01785723
0.23402916
-0.09425567
0.3977392
0.11658795
-0.07412654
0.27087682
0.06176298
0.03737067
0.20829865
-0.1936274
0.00468493
-0.12296927
0.43956086
0.22795281
-0.11998363
0.06086161
0.0880906
-0.03298228
0.11796085
-0.26235515
-0.05818099
-0.07636545
0.10092697
0.25047505
0.15298548
0.30675083
0.015703
0.2361505
0.25946042
-0.41543475
-0.09731451
-0.29015347
0.27116844
-0.072113
0.3816703
0.29941952
-0.00462821
0.09244625
0.19873103
-0.254728
-0.1424803
-0.43305087
0.41125458
-0.05045872
0.25753456
0.5161934
-0.22179107
0.04538539
0.19704704
-0.36801738
-0.03218973
-0.42165592
0.29721844
0.21491635
0.20348737
0.4246701
0.02702999
0.04402911
0.13102598
-0.20283103
0.05413938
-0.2740831
0.27678192
0.00502607
0.06611701
0.32325768
-0.0302297
-0.15277328
0.28763264
-0.02879632
0.1594474
-0.5857176
0.45487773
0.2397402
0.12008993
0.05945671
0.00696079
0.21387169
0.1393716
-0.08636195
0.19433402
-0.43757328
0.08289604
0.14223564
0.00261207
0.24322516
-0.22511046
0.05054048
0.20130402
-0.04554231
0.43766972
-0.34510863
0.19417031
0.10704285
-0.1273487
0.16517855
-0.3053581
-0.06906609
0.00127218
0.10152083
0.24415198
-0.15771124
-0.08213807
0.12459332
0.20771562
0.06890848
-0.20413461
0.10957762
0.27826452
-0.2756374
0.21054114
-0.38513494
0.15403824
0.17095421
-0.1067306
0.47310656
-0.7430198
0.00836207
-0.5954481
-0.07450297
0.624533
-0.74648714
0.12618963
0.21348505
-0.29543763
0.26642627
-1.2117449
-1.5822195
-1.903541
-0.13762444
0.9465646
-0.6985287
-0.51419413
0.43957505
-0.32342404
-1.4311141
-1.6688856
-1.8050598
-2.1951349
0.34312883
0.85211074
-0.86703813
-0.8093711
0.32399362
-0.7513866
-1.6722367
-0.63186425
-1.0034969
-0.5935245
-0.09363873
0.47380862
-0.4759316
-1.0804601
0.52747124
-1.8175943
-0.73540413
-0.41016024
-0.13079625
-0.20686841
-0.6512635
-0.24897541
-0.660228
-0.5367567
0.757591
-0.35306987
-0.06581701
-0.01642931
0.03534725
-0.36268368
-0.5471694
-0.01933102
0.06189287
0.54271436
-0.02711642
-0.59751755
-0.14493468
-0.54451853
-0.90438867
-0.40867555
-1.075678
-0.49479073
-0.04689979
0.90284175
-0.93040204
-0.8682841
0.5192191
-0.65592515
-0.28872186
0.38874412
0.2440449
-0.9626391
-0.79989296
0.223347
-0.91818047
-1.1671805
0.402332
-0.3665928
-0.05540711
0.3535432
-0.49645528
-1.5218138
-1.0794362
0.5157529
0.01875809
-0.34471026
-0.02826921
-1.1072977
0.17493732
0.706148
-0.492598
-0.635133
0.24834615
0.3306022
-0.25702143
-0.5647533
-0.01615689
-0.7577605
0.5447744
0.01280621
-0.13861683
-0.5200714
-0.27306497
0.20000789
0.01023209
-0.02601638
-0.28520563
-0.1701969
-0.02160755
0.1766606
-0.10579032
-0.11686057
-0.32694313
0.33822185
0.18763466
0.24338564
-0.20215671
-0.21049449
0.05935197
0.23853728
-0.07101569
-0.11690202
-0.17101133
0.17630598
0.09748159
-0.00578052
-0.10903691
-0.3917454
-0.03966687
0.07613061
0.00795563
0.08349273
-0.2569556
0.04581586
0.11275096
0.05755986
0.00207638
-0.6341815
0.14790739
0.04074399
-0.0613339
0.02413034
-0.3594659
0.12355413
0.2075938
-0.069562
0.15239832
-0.1251756
0.2012496
-0.09357543
-0.12125253
0.12807913
-0.29475778
-0.05121342
0.05647091
0.21285307
-0.13443956
-0.03928438
0.05544365
-0.4463794
-0.13974616
0.28289822
-0.19017465
0.1309667
0.03829812
-0.07415722
-0.00557335
-0.13379268
0.09140433
-0.28870523
-0.14705172
0.22396106
-0.26915738
0.2982556
-0.03469174
0.00924511
0.3497363
0.09678635
0.09104955
-0.12603569
-0.1080143
0.00790221
-0.29939312
0.12409706
0.03948777
0.05196977
0.11078569
0.26196927
0.19562493
0.228119
-0.6406085
-0.19522268
-0.18188746
0.5197003
-0.19239496
0.14687833
-0.1405079
0.567834
0.2612468
0.42601135
-0.40202305
-0.49750564
-0.38695496
0.35828096
-0.4612885
0.26377392
0.2076208
0.2582014
0.27171785
0.31421086
-0.08938176
-0.39025012
-0.51886183
0.32455364
-0.02282494
-0.044838
0.31358698
-0.09693395
0.06016831
0.16083534
-0.1315567
-0.26621857
-0.6264986
0.44915628
0.02514615
-0.0149155
0.39448056
-0.12480233
0.10966069
0.15055056
0.01487699
-0.15057077
-0.68579525
0.27339152
-0.09783073
0.09228393
0.3107735
-0.3343589
0.08077152
0.216392
-0.04236579
-0.189845
-0.39731404
0.26986423
0.15138884
0.00993066
0.18531002
-0.4932838
0.0414032
0.27940488
0.01492347
-0.00839572
-0.3414612
0.01321301
0.10055971
0.01257799
-1.0385258e-01
-1.3846874e-01
-1.5307713e-01
8.3340250e-02
3.5715278e-04
3.6401734e-01
-1.4448696e-01
1.9018146e-01
1.9385442e-01
-2.6597482e-01
-0.12257276
-0.28627458
-0.10249564
0.3418765
-0.03232644
0.42381805
-0.4402205
0.07719801
0.17533964
-0.16736838
0.31936583
-0.58799136
-0.00871843
-0.1753773
-0.03173794
0.84118515
-0.51595646
-0.25547782
0.29372662
-0.47871837
0.35518426
-0.65894103
-1.6714115
-2.8282063
-0.63459927
1.8562859
-0.69532675
0.03465595
0.23023488
-0.44339752
-0.8433885
-1.6155065
-1.0188814
-0.2184457
-0.48466638
1.3564185
-1.0996319
-0.15325856
0.6687711
-0.75691867
-1.6970415
-0.25404105
-0.99118984
-0.76997614
-0.28380528
0.61160237
-1.0439923
-1.2717395
0.7392552
-1.3995019
-0.68464744
-0.25696746
-0.41316766
0.02371622
-0.8053374
0.3613705
-1.0024176
-0.5534487
-0.555503
-0.70782256
0.03131946
-0.05838939
-0.01120019
-0.44770902
-0.5471724
-0.07578075
0.05401669
0.6384096
-0.13255599
-0.63612914
-0.22331677
-0.12601078
-0.7878149
-0.5919645
-0.93627805
-0.5857669
-0.02045902
1.2917923
-0.83134824
-1.0924673
0.00436229
-0.6083919
-0.28996864
0.19370025
-0.2605408
-0.6463863
-0.5613116
0.71940017
-1.0005821
-1.2828871
0.40772998
-0.5792688
0.15712568
0.6194538
-0.6118486
-1.3643849
-0.8355616
0.41371593
-0.48522112
-0.3223111
-0.17786078
-1.012105
-0.24741901
0.21970457
-0.17742278
0.03873074
-0.3438893
0.33740833
0.32707635
-0.36773962
0.18054733
-0.9843459
0.4699677
-0.09997869
-0.4003587
-0.30787826
-0.3313176
0.2412254
-0.15383822
0.05626112
-0.19243306
-0.86287814
0.4714772
0.16805552
-0.48516053
-0.20091149
-0.27827966
0.1157115
0.07337186
0.17837287
-0.20220354
-0.5544221
-0.09439889
-0.18429418
-0.14059518
0.17359552
-0.05609937
0.07683237
0.1471801
0.01190337
-0.17636555
-0.22782041
-0.08456817
-0.3384584
-0.08012437
0.29348737
-0.07470106
-0.11395489
0.0797105
0.10260531
0.00435496
-0.6934998
-0.15670767
-0.6712372
0.05117891
0.23252057
-0.2237269
0.09301754
0.10494359
0.08968133
-0.19386919
-0.147535
-0.15799256
-0.6124841
-0.03357877
0.21838678
-0.13276468
-0.09245583
0.27855226
0.07700364
0.12164927
0.02543124
-0.27618802
-0.5319735
-0.02879008
0.2340939
-0.2896632
-0.05711162
0.13216093
0.12448756
-0.06739113
-0.11134264
-0.32262185
-0.54604906
0.20391013
0.26367006
-0.28031316
-0.11939298
0.22705089
0.14284407
0.09353393
0.24157704
-0.48450056
-0.002964
-0.3285144
0.26385495
-0.14071575
0.19394936
0.01454602
-0.24190094
0.04871188
0.6428507
-0.26063925
0.06537841
-0.88478255
-0.02455462
-0.32032907
0.36510992
-0.0265049
-0.09217377
-0.16533674
0.80402684
-0.28460482
0.08162101
-0.12663561
-0.21508044
-0.5250664
0.5018
-0.3984334
-0.10706551
0.02003521
0.3876822
-0.10588685
0.1612749
-0.0829988
-0.29578045
-0.4685573
0.65163356
-0.35741016
-0.02404482
0.41325074
0.11591505
0.14621973
0.20095685
0.06893671
-0.47811273
-0.43318284
0.32883814
-0.16514646
0.0014477
0.32157704
-0.28738818
-0.02704293
0.06398774
0.04763161
-0.4326599
-0.42137578
0.3329079
0.07875217
0.05007962
0.08668675
-0.289897
-0.06013332
0.1992009
0.06556602
-0.44038758
-0.41054899
0.34948292
0.21926196
0.035762
0.17183423
-0.43248025
-0.03795102
0.2490295
-0.17034616
-0.28310433
-0.15653203
0.45033056
0.13733868
0.02035779
0.09815577
-0.01237599
-0.15887548
0.06789485
0.00211205
0.0438114
-0.36226168
0.3243361
0.11499324
-0.03656722
0.28935665
-0.31460673
-0.36512357
0.2807551
-0.09217667
0.08074424
-0.4870109
0.17084225
0.11707383
-0.10509671
0.35738698
-0.7168363
-0.281939
0.04793903
-0.69800746
0.72468376
-0.2033193
-0.45750847
0.14458412
-0.3117482
0.19723661
-1.6713604
-1.1795095
-2.4547737
-0.5482939
2.0307353
-0.38840365
-0.51720023
-0.16138323
-0.7005088
-0.85429275
-0.25681725
-0.6690984
0.20546283
-0.5303262
2.1586778
-1.0173149
-0.1200427
-0.58607155
-0.09839129
-1.3554661
-0.4784548
-1.2430022
-1.0330147
-1.3104365
1.6653349
-1.294212
-0.9223983
0.1542483
-1.3420483
-0.21621196
0.6075962
-0.4831422
-0.4215624
-0.6530743
-0.20827232
-0.7302928
-0.2822183
0.11270302
-0.70831454
-0.01059717
0.06377563
-0.03115744
-0.52181876
-0.37275398
-0.04397994
-0.02383355
0.8604663
-0.05117824
-0.45040628
0.5333428
0.54692084
-0.89269686
-0.28922167
-0.8063769
-0.5871974
-0.08514459
0.56158316
-0.86347824
-0.9946652
-0.44836107
0.6407973
-0.93034154
0.27045244
-0.7648356
-0.5062327
-0.23743287
1.0213542
-1.4414157
-1.0191731
0.10563757
-0.4277127
-0.5745165
0.9519961
-0.08890881
-1.4269832
-0.99134153
0.34008002
-0.12792495
-0.36654586
-4.4579455e-01
-5.9397298e-01
-3.4956414e-01
2.2378917e-01
-3.1983721e-01
-1.5864961e-02
-1.3432892e-01
3.4559873e-01
-1.8768759e-04
-2.4890044e-01
-0.31006274
-0.6893476
0.07600652
-0.5241925
-0.03020165
-0.12534513
-0.13351108
0.04542195
0.11142588
0.1354391
2.43742280e-02
-1.05558872e00
-1.79555759e-01
-5.34952402e-01
3.35842483e-02
1.37495935e-01
-1.62986457e-01
-1.23099975e-01
9.99807729e-04
1.46161616e-01
0.0445981
-0.64559007
-0.6273143
-0.66311485
0.03501903
0.00266159
0.10535643
0.09833734
0.30937403
0.10186062
-0.08606245
-0.32886332
-0.8743065
-0.64954144
0.13920467
0.06996533
-0.11976808
-0.10065299
0.20277686
0.4189232
-0.2964285
-0.2739385
-0.86577106
-0.5634289
0.35267666
0.08245604
0.09632543
0.09092588
0.26094592
0.14249648
-0.20316485
-0.31291738
-1.1206672
-0.40402043
0.2565832
0.03577716
-0.04859659
0.23318516
0.12193325
0.18525939
0.0800766
-0.16523096
-0.6643007
-0.19788022
0.26718327
0.06531706
-0.07196227
0.16792384
0.1490337
0.3990235
-0.24572124
-0.22235107
-0.786565
-0.09191808
0.39034563
0.17621373
0.0775707
-0.02369581
0.11218751
0.05439338
-0.16535626
0.24602129
-0.9915728
0.07345743
-0.84606767
0.37749362
0.13467443
-0.09742579
0.21564043
-0.03759742
-0.45143318
0.69342375
-0.7191394
0.08391703
-0.9349808
0.00132149
-0.27523413
0.3007527
0.38898903
-0.02987672
-0.8277644
0.7565682
-0.5178353
0.01407168
0.18491012
-0.29874924
-0.67950565
0.39129674
-0.060465
0.12415836
-0.59813505
0.38559386
-0.15463008
-0.02987023
0.38459647
-0.28138614
-0.24296042
0.52531904
-0.18080442
0.32265025
-0.01029456
-0.16964613
-0.33223945
0.18746708
0.13512209
-0.2510389
-0.33744934
0.39720237
-0.17881723
0.40488198
-0.20420736
0.05131936
-0.05870356
0.09274188
-0.00820235
-0.17714866
-0.39812565
0.5335178
-0.12697878
0.25912926
-0.03830944
-0.19777717
0.27185786
0.11767261
-0.02055744
-0.523462
-0.16376571
0.21036905
0.02165169
0.15559816
0.17442393
-0.2030517
-0.15169658
0.20576973
-0.28819206
-1.1417655
-0.16391215
0.258228
-0.06739324
0.39633626
0.33465174
-0.2043343
-0.00652861
-0.24486786
-0.371695
-1.2194769
0.0135503
0.19004051
-0.08379121
0.22359791
0.12350062
-0.68902946
-0.1284107
-0.07020221
-0.3437732
-1.6192299
-0.14178532
0.12898855
0.09256993
0.11532399
-0.02675947
-0.88565755
-0.4359978
-0.27660957
-0.9225062
-0.51625925
0.21562365
-0.31198066
0.08654019
-0.30634168
0.10464843
-1.2221657
-0.30649766
-1.6405171
-1.2615358
0.353999
-0.11745807
-1.5337478
0.12685369
-0.7815001
-0.63352585
-0.01123079
0.07877558
0.45208102
-0.67355347
1.4064887
-0.838151
-0.8535124
-0.40951034
-0.49691388
-1.65799
-0.34147877
-0.8892003
-0.62518144
-1.0538014
1.4189994
-1.699439
-0.6707365
0.6011888
-0.59733665
-0.20705482
0.55577767
-0.5674116
-0.46463397
-0.6426521
-0.05396754
0.073447
-0.22840226
0.10284008
-0.67889
-0.06287441
-0.08307609
-0.03737191
-0.38230988
-0.00118523
0.00135928
-0.05976856
0.565122
-0.15393972
-0.26215535
0.47131988
-0.0016618
-0.45802635
-0.64731646
-0.32610956
-0.38492015
-0.42620507
1.2259762
-0.5577772
-1.3142147
-0.22117478
-0.5596416
-0.67408276
-0.90875405
-0.7235877
-0.6736023
-0.37295672
0.8664245
-0.9914949
-0.7208732
-0.07434873
0.23947528
-0.39130312
0.17952915
-0.31541425
-0.52318877
-0.81434095
0.65280247
0.49926844
-0.29064837
-0.2432508
-0.25344366
-0.75974315
-0.22415717
-0.5177326
-0.04606278
-0.26651326
0.39377558
0.0125383
0.24139601
-0.11638759
-0.2056997
-0.9361889
-0.60969657
-0.10391259
-0.04271862
-0.03202023
-0.01536045
0.32321402
0.24014778
0.2769516
-0.13418357
-1.4864106
-0.5629811
0.10167208
0.2780333
0.04751837
-0.05988072
-0.11424679
0.31796357
0.04834734
-0.08267146
-1.7907747
-0.36358318
0.37781292
0.04406045
0.2102798
0.30069387
0.09207575
0.20298709
-0.16916372
-0.22375503
-0.9316254
-0.41467223
0.36889383
-0.08938131
0.1596251
0.4435547
-0.12143823
0.23628199
-0.06747864
0.13989525
-0.70987004
-0.13447991
0.31043977
-0.0903037
0.21483037
-0.02557563
0.11680494
0.33106774
0.106652
-0.40795693
-0.6236377
0.10638904
0.55585605
0.2616832
0.08650861
-0.08904447
-0.07924375
0.32532176
-0.06596939
-0.44701758
-0.48754165
-0.06549103
0.5852446
0.21884984
0.30637074
0.03069177
-0.0381751
0.21954164
8.4656231e-02
-4.2905793e-02
-5.6630349e-01
-6.8551657e-04
8.1051964e-01
2.2832407e-01
9.6276090e-02
-6.9517809e-01
1.0016322e-01
-3.1359187e-01
-0.10955234
0.23207854
-0.61168146
0.06660848
-0.04801902
0.18604985
0.08346862
-0.9909304
0.3099061
-0.06711624
-0.7370226
0.85174346
-0.5510156
0.24049239
-0.54066056
-0.2127082
-0.27820507
-0.18670048
0.17764063
0.14693129
-0.90227264
0.5719264
-0.5249245
0.10305578
0.16828395
-0.13438597
-0.4175804
0.3397673
0.02654743
0.33595568
-0.8234713
0.10073155
-0.42782268
0.0111798
0.36083454
-0.39687613
-0.1342329
0.5338086
-0.02804763
0.2802935
-0.10147648
0.01131248
-0.30819678
0.05642033
0.04813424
-0.53552216
-0.12932865
0.40530208
-0.00223021
0.33782196
-0.04972859
0.07741091
-0.27752528
0.13508601
-0.02460219
-0.31112912
-0.22114916
0.31535774
-0.01543008
0.39030394
0.04333821
-0.5702212
0.00174622
-0.07304651
0.12484857
-0.5426101
-0.5038285
-0.09372565
0.08144828
0.3859777
0.04789841
-0.5519333
-0.13685028
-0.22970232
0.09371425
-0.5712858
-0.15858234
-0.07502436
0.10967787
0.3047383
0.05086089
0.0133526
-0.13079144
-0.81241935
0.2204652
-1.1821421
0.020336
-0.05424256
0.2614562
0.33062345
0.24275026
-0.49356827
-0.25285795
-1.0093175
-0.07741306
-2.1437106
0.33834136
0.1181438
0.15562604
0.20855534
0.23817912
-0.28777376
-0.40874565
-1.0833775
-0.6093044
-2.7925904
0.629649
-0.39526185
0.5859179
0.4627254
0.4923149
-1.084289
0.36053988
-1.3721478
-0.26970187
-2.5145345
0.4408027
-1.4026946
0.8673247
-1.0509317
-0.31270966
-0.37749657
0.49892452
0.61985505
-0.7003622
-0.66049266
-0.50944257
0.02224575
-0.17159154
-2.4721446
-1.1601518
-0.5759867
0.506763
-0.49656808
-0.69964194
0.72470164
-1.4408724
-0.8630443
-0.03948798
-1.3115623
-0.21179311
0.10020911
-0.07010914
-0.40522847
-0.806443
-0.6063671
-0.2520379
-0.08652048
-0.85369176
-0.56810564
-0.01785412
0.38856718
-0.2051764
-0.14712042
0.0523166
0.02564726
-0.06912821
-0.12844479
-0.2529878
-0.188966
0.5718264
-0.00121496
-0.2789647
-0.66859704
0.20728949
-0.29773375
-0.5356123
0.987414
-0.19379182
-1.1899735
0.42607534
-0.44613147
-0.11821411
-1.0161314
-0.6371113
-0.9440159
-0.51830244
0.92087626
-0.97414565
-0.83076423
0.11409771
0.70382863
-0.5419048
0.13656019
-0.38329205
-0.1100679
-0.84910893
0.6829386
0.3345342
-0.046573
0.17188698
0.02841339
-1.3227516
-0.42730874
-0.25575536
0.06542481
-0.29644775
0.41685957
-0.32168674
0.640412
-0.09850193
-0.23831752
-1.7079229
-0.29113817
0.09798971
0.21023588
0.21682921
0.0267374
0.03922762
0.2479859
0.26828465
-0.11565287
-1.6932651
-0.31911632
0.44622058
-0.05305118
0.4317579
0.1861263
-0.08100009
0.19328773
0.26231393
-0.38756654
-0.90857726
-0.33071664
0.42952523
0.15029603
-0.07927256
0.18799932
0.00468504
0.35149145
0.09208086
0.31331477
-0.4022229
-0.19487269
0.4305384
-0.04949875
0.08619119
0.05123892
0.02310356
0.26835674
0.10199094
0.04406467
-0.11957707
-0.08107296
0.4593872
0.05238978
0.10513368
-0.16759741
0.12072978
0.1174
0.2867246
-0.7745019
-0.11844154
-0.06833331
0.52024037
0.2023692
0.28114069
0.011362
-0.1858076
0.0915018
0.05020494
-0.6038088
-0.05593508
-0.22357592
0.65556043
0.31883237
0.05292762
-0.2074911
0.10206828
-0.02051628
-0.05092925
-0.05919668
-0.13335131
-0.02471279
0.41640496
0.35519397
0.10095888
-1.1277597
0.15839922
-0.31027684
-0.5095728
0.33627924
-0.0412649
0.2526549
-0.2651963
0.19037549
0.06584673
-1.2136408
0.37305704
0.09779328
-0.565265
0.6943379
-0.03479547
0.21230575
-0.09860152
-0.02067281
-0.24461257
-0.07334182
0.05543425
0.24338062
-1.0868508e00
4.5633954e-01
-3.2257515e-01
-2.3313714e-02
4.7150794e-01
-2.9441178e-01
-6.6739786e-04
1.4927407e-01
3.1932819e-01
3.6942279e-01
-0.6256922
0.30316386
-0.20019975
0.03953162
0.31284204
-0.4673216
0.02025476
0.24987307
0.17619503
0.47708416
-0.13451684
0.28478724
-0.17970793
0.04696517
0.24392027
-0.33938015
-0.2733581
0.10092863
-0.21602438
0.34286815
-0.02949265
-0.18364835
-0.24520761
0.13847718
0.30126953
-0.09341514
-0.18590759
0.07334783
-0.02573658
0.30832684
-0.08216581
-0.5585196
-0.11405531
-0.05326853
0.15415426
0.10048397
0.08283
-0.23715933
0.0960758
0.39876157
-0.19272143
-0.57172817
-0.06973086
-0.38412717
0.353276
0.17509034
-0.14231293
0.14980033
0.23153976
0.31721556
-0.06361675
-0.00747322
-0.03994971
-0.6592637
0.41569266
0.06580186
0.14309444
0.15404421
-0.18322776
0.30641624
0.14384428
-0.6106388
-0.10213424
-0.9451524
0.17140454
-0.16658542
0.16653785
-0.1259673
-0.00165848
0.13549776
0.21581742
-0.88109684
-0.11766446
-0.5630574
-0.46183142
-1.111964
0.7263857
-0.41268978
0.13382241
-0.33522406
0.30427393
-1.2971885
0.5023173
-0.84307486
-0.6818799
-2.54457
0.47100842
-0.42500636
0.23465006
-1.5701274
0.12734628
-0.54144
0.5607281
0.261065
-0.27662298
-1.4044001
-0.5330006
-0.38647673
-0.10558689
-1.4045291
-0.82576966
-0.56259704
1.103669
-0.85411453
-0.39427269
-0.6741856
-1.4189391
-1.0360816
-0.48227498
-0.8012816
-0.47913027
0.04986888
0.5894429
-0.570601
-0.5587673
-0.57336766
-0.6177711
-0.18063499
-0.38805118
-0.17797564
0.00150065
-0.05737052
-0.07678832
-0.5227368
-0.2338159
0.5372295
-0.42490223
-0.14092559
-0.4758943
-0.49969456
-0.13779235
0.0399588
-0.6575386
0.38849837
0.13196047
-0.6514941
-0.01851934
0.6063243
-0.5532386
-0.7488769
-0.51474535
0.6451251
-0.641946
-0.18337314
-0.68526495
-0.62404686
-0.05507334
1.0447774
-0.6894418
-0.8498568
-0.6051
0.67540187
-0.55323696
0.21180388
-0.03605846
-0.58365023
-0.9016665
0.36675942
-0.2714224
0.13218097
-0.08758152
0.6905686
-0.84629315
-0.3489083
0.52039266
-0.1472779
-1.2093091
0.36371413
-0.75361097
0.30787495
0.23606399
-0.48182976
-1.1349608
-0.7068543
0.38805518
-0.39117083
0.1095608
0.23059465
-0.14397703
-0.02998236
0.01915172
-1.1302733
-0.2902838
-0.7738869
0.27533925
-0.06875952
0.13222633
-0.08738767
-0.00376346
0.19324195
0.51341796
-0.40884784
0.1830914
-0.35777622
0.3107619
0.02132344
0.02667476
-0.06507812
-0.4414095
0.14961436
0.32137185
0.2502354
0.08268148
-0.08353383
0.31858248
0.06931801
0.15483963
-0.06146639
-0.22671208
0.03002623
0.2304113
-0.4262889
-0.00245855
0.01421276
0.3081702
0.2664635
0.26656437
-0.14705892
-0.19761679
-0.00175197
0.0659131
-0.77732545
-0.05043777
-0.11690849
0.31562972
0.28475383
0.3350271
-0.08028668
-0.00733387
0.12925614
0.12329593
-0.6446187
0.00769164
-0.24930039
0.46308148
-0.01187743
0.3317107
-0.44921312
0.22387631
-0.05963676
0.29082182
0.09088217
-0.02924152
0.14631565
0.24889104
0.05192727
0.15449712
-1.2304058
0.2847968
-0.12653945
-0.11780736
0.2954085
0.27476233
0.1696815
-0.12474567
0.0222935
0.00783405
-0.4959533
0.41199592
0.1231826
-0.78947765
0.6798431
0.08358363
0.23318724
0.0216993
-0.01643925
-0.07067176
-0.07053113
0.2918773
0.07358196
-0.86114204
0.4999689
-0.21790698
0.01274417
0.23693772
-0.20887369
0.04552995
-0.13894472
0.15228836
0.32050005
-0.86659294
0.22604464
-0.2064027
-0.08265964
0.4307816
-0.27074453
0.0782147
0.03747052
0.00767659
0.3418923
-0.13577668
-0.15751716
-0.29213655
-0.03645753
0.5529622
-0.36466345
-0.3733985
0.3202596
-0.01337336
0.2878644
-0.14591622
-0.37460527
-0.03010178
0.02072449
0.25246838
-0.13193195
-0.09757682
0.5172805
-0.0576924
0.22098432
-0.10562055
-0.5171196
-0.06687863
-0.1769405
0.43365955
-0.26330158
-0.03844184
0.5614539
0.01249495
0.05490422
0.01056134
-0.3584168
-0.10050554
-0.26057705
0.19401552
-0.06095485
-0.07212358
0.42002815
-0.29304963
0.23636112
0.12372451
-0.2524713
-0.38076738
-0.01927044
0.1685809
0.00251034
0.14697503
0.08719265
-0.16997033
0.23773344
0.0834575
-0.00267497
-0.21388201
-0.3267384
0.11855576
0.3498638
0.26573414
0.14457515
-0.49190086
0.07679654
0.24721757
0.01424349
-0.08803852
-0.2131439
-0.3721495
0.21132313
0.28589356
0.32048893
-0.59700924
-0.8091444
0.39535654
0.16067323
-0.02833379
-0.6309499
-0.6088676
-0.18997355
0.24576446
-0.31473804
-0.648134
-2.455665
0.01585989
0.00784243
0.40987667
-0.45645785
-0.33252522
-1.2356272
0.02499972
-0.85875237
0.40588242
-0.9506708
-0.9256498
0.41146758
1.2192358
-0.7272904
-1.286722
-0.84163034
-1.0556318
-1.0344661
-0.84848315
-0.27890733
-0.41628447
0.00790338
0.82052743
-0.51043445
-0.6252661
-0.612824
-0.6584009
-0.04517804
-0.6542835
-0.04335726
-0.15887648
-0.00885892
0.03229577
-0.64144284
-0.25720796
0.5086307
-0.32348683
0.3521882
-0.5317287
-0.5129984
-0.03475957
-0.0555224
-0.6300017
0.5442321
0.5007786
-0.40744716
0.08240096
-0.02694638
-0.24276896
-0.0228542
-0.71244156
0.61672044
-0.25443825
0.7719386
0.8900963
-1.0927663
-0.15613866
0.18415408
-0.98084885
-1.3958648
-0.7420464
0.71453744
0.07199275
-0.07024653
0.28156576
-0.5088685
-1.2870698
0.31925035
0.02982696
0.08635732
0.05517052
0.6715487
-0.05913466
-0.19375513
0.31510484
-0.77455086
-1.6427798
0.01115196
-0.7598682
0.07879082
0.25611192
-0.84293383
0.39740497
-0.44918114
0.10208216
-0.8329526
-0.22259903
-0.25002146
-0.50237167
0.02872906
-0.23697245
-0.87936443
0.424181
-0.3170793
0.19971521
-0.5280935
0.08966569
-0.01167044
-0.33894813
-0.03794891
0.4151543
0.15849985
0.0408258
-0.44750324
0.35113448
-0.37540656
0.26837072
-0.21684797
-0.31391412
0.00992914
0.28956807
0.17008337
0.06866334
-0.30232212
0.3296771
-0.03656008
0.21761878
-0.36675787
-0.26523736
0.0631774
0.24479617
-0.56886774
0.08754107
-0.25704417
0.35223287
0.19692113
0.15897503
-0.29580337
-0.03947175
-0.045311
0.25997928
-0.5019946
0.14201023
-0.20448467
0.2744672
0.08706911
0.2333981
-0.21612628
-0.09033239
0.05087559
0.02652491
-0.05461797
0.0972244
0.10398594
0.38182253
0.09917437
0.40916958
-0.55473214
-0.00207577
0.08220759
0.17816694
0.28918666
-0.01476027
0.07781809
0.18670052
0.2221681
0.3265066
-0.62441826
0.2303806
-0.02268303
-0.5018313
0.5531519
0.25609237
0.08653545
-0.1272264
0.00518514
0.16484669
-0.25728375
0.42934784
-0.07709438
-1.1221093
0.7890202
0.09778421
0.23294832
0.13180019
-0.2757111
0.3485461
-0.29058757
0.39429343
-0.1129029
-0.7752451
0.18079658
0.05867698
0.06143397
0.35067144
-0.26868305
0.05707685
-0.01719352
0.12589875
0.1279887
-0.5687975
0.3267225
0.00805647
-0.00249151
0.53114235
-0.15108354
-0.14177293
-0.07610615
-0.14092329
0.38547924
-0.28862596
-0.47194472
-0.11519248
-0.10144325
0.46424288
-0.30468965
-0.11157586
0.5213619
-0.11936416
0.26797408
-0.1450468
-0.92445695
-0.19519527
-0.14273538
0.11621568
0.16732323
-0.06198882
0.5873248
-0.05306747
0.16522686
-0.07719402
-1.3717444
-0.13434575
0.01163936
0.16615225
-0.02771878
-0.04645994
0.3096576
-0.10526684
0.1157203
0.26902184
-1.3890208
-0.317106
0.26967117
-0.14703023
-0.01611467
0.13595109
0.34722435
-0.35247618
0.11584871
0.10695194
-0.23078384
-0.14261274
0.13336533
-0.08366104
-0.04221256
0.1581261
0.39156997
-0.25020593
-0.08831301
0.0675546
-0.33601797
-0.3185512
0.42081597
0.30661586
-0.1161852
0.04241572
0.46796846
-0.15427232
-0.05276779
0.22842592
-0.65263563
-0.14404023
0.4638818
-0.23149513
0.13092735
-0.04103773
0.14420365
-0.40611327
-0.4830351
0.3875528
-0.16626188
0.62498367
0.35407737
-0.97981113
0.33116433
0.02779646
-0.31309602
-0.52613765
-1.972203
-0.11485832
-0.4400117
0.79325914
-1.9996519
-0.6349673
-0.4536922
0.49939853
-1.2448717
0.17934853
-0.8819315
-0.9136887
-0.03122766
1.1181294
0.44925576
-0.32179686
-0.95277596
-1.0881913
-0.77560645
-1.1891865
-0.1278005
-0.6919566
-0.4525429
0.8952773
-0.2033357
-0.4767433
-0.6412837
-1.0580403
0.01659466
-0.53209364
-0.42189673
0.0054064
-0.00747721
0.01605826
-0.10309567
-0.2820929
-0.5723242
-0.06629566
0.6246595
-0.222243
-0.52634954
0.00976054
0.50066996
-0.5917605
0.6618881
0.0375153
-0.58479327
0.05481545
-0.6147421
-0.38795093
-0.41642934
-0.7127264
0.7495912
0.36023593
0.65114784
-0.09333457
-1.0449636
-0.22436647
-0.59957135
-0.8313969
-1.2397621
-0.45461437
-0.1094311
0.6031496
0.00693051
-0.31302857
-0.03018125
-0.95282626
-0.21552154
0.18101634
-0.15758008
0.15230311
0.4477592
0.11873659
0.35154784
-0.72910005
-0.5408796
-0.7699293
-0.04907078
-0.45413658
0.03076981
0.3269978
-0.27057806
0.29354167
-0.09697898
-0.15668668
-0.4974189
-0.02949773
-0.46597442
-0.37135458
-0.00456059
0.12577169
-0.4090853
0.4885309
-0.14523795
0.01948378
-0.45609954
0.18409081
0.01636584
-0.11338209
-0.15220006
0.27938566
-0.14343733
-0.08796378
-0.5259184
0.33726338
-0.69985473
0.22266822
0.22491692
-0.12416371
-0.0211279
0.3374473
-0.14488137
-0.21739559
-0.5587113
0.38593996
-0.42641875
0.3706892
-0.132959
-0.02052981
0.20171055
0.24163239
0.12708056
0.0863361
-0.15091057
0.2414335
-0.3757388
0.32096332
-0.25807744
0.03853838
-0.24400072
0.23289783
-0.16361055
0.12448998
-0.13802044
0.01126815
-0.06988145
0.3843871
-0.458906
0.10686195
0.08197906
0.27522895
-0.05626955
0.20006582
-0.06345647
-0.00279772
-0.08651422
0.7364721
-0.79997116
0.08705439
0.11113218
-0.15482292
-0.03326509
0.31354356
0.13285306
0.11988753
0.10965814
0.03528705
-0.17103142
0.3573693
-0.03162672
-0.8965893
0.45575792
0.37638468
0.29535595
0.01346608
-0.13333109
-0.07057294
-0.13108082
0.2112829
-0.24360907
-0.943557
0.74362123
0.12657264
-0.01374589
0.2858087
-0.20657818
0.16671094
-0.2687229
0.12013047
-0.05029587
-0.32379538
-0.07832783
-0.07416356
-0.16657488
0.65148634
-0.17280938
-0.01441583
0.11368167
0.05408866
0.06701302
-0.257977
-0.03714194
0.04278786
-0.29533613
0.4882789
-0.3606842
-0.06819516
0.00605376
0.11441762
0.2654301
0.02173256
-1.133096
0.21741274
-0.11182166
0.2582456
-0.10940912
-0.21437193
0.33399832
-0.08423102
0.1977575
-0.02675566
-0.97775817
-0.08766991
0.10677677
0.18110213
-0.15313648
0.09516829
0.1701923
-0.2192377
0.10285255
0.00699881
-1.5711141
-0.07265567
0.29820427
0.22273079
0.1388232
0.06351329
0.27695546
-0.37305602
-0.14117096
0.17252815
-0.15323791
-0.12549919
0.1822951
0.21162465
0.12231427
-0.03317922
0.2634114
-0.4240229
-0.2296835
0.08349792
-0.03479045
0.42960542
0.06726108
0.30637336
0.0397917
0.13733302
0.319613
-0.3251674
-0.18995652
0.0609591
-0.37013465
0.29408148
0.36311802
-0.01035254
0.23042639
-0.02364835
-0.09125701
-0.4356559
0.0589333
0.00603342
-1.0448706
0.19664265
0.4849512
-0.19702862
-0.02065746
-0.09891156
-0.37097695
0.02256416
-0.44830722
0.00626372
-0.6546696
0.64227855
0.773782
-0.5916702
-0.0330806
-0.02466465
-0.32506344
-0.3341752
-1.8595012
-0.438003
-1.2625502
1.3498541
-1.2318473
-0.80600387
-0.12618752
0.22159116
-1.5283896
-0.40664575
-1.516985
-1.1355364
-0.12107399
1.2466252
-0.8867364
-1.1537912
-1.4872564
-1.1426748
-1.0410535
-1.4850826
-0.69373214
-0.551296
-0.7004241
0.9564345
-0.4980299
-0.63057446
-0.7135825
-1.1443206
-0.48734227
-0.5713211
-0.6923003
0.03394166
0.0151009
-0.05869285
0.03148049
-0.05057688
0.00925063
0.04577485
-0.05437088
-0.06502622
0.0764242
-0.21888201
0.50944656
-0.7607304
0.78612864
0.05264025
-0.6600991
-0.09360109
-0.2340037
-0.89762354
-0.5468958
-0.72789675
0.4023734
0.599215
0.08157099
0.36320078
-1.3583558
-0.10395227
-0.05409962
-0.60524815
-0.8706007
-0.16141127
-0.43277138
0.36727268
0.43837175
-0.87287855
0.451701
-0.46094543
-0.8011334
-0.06399407
-0.10935299
0.00483186
0.21338679
0.07302787
0.4722805
-0.4971476
0.02316563
-1.0336193
-0.05114862
-0.3393544
-0.64507353
0.12560873
-0.538559
0.19208919
-0.0093476
-0.35275188
0.14121142
-0.02325748
-0.1844985
-0.39094493
-0.42251062
0.0925976
-0.65323424
0.34252322
-0.1322452
-0.21033014
0.2017201
-0.02100295
-0.25875303
-0.16429035
-0.30949086
0.1672492
-0.3691677
0.10737762
-0.25775048
0.16685209
-0.3575193
0.08079332
-0.21328267
0.10945587
0.0464403
0.04954933
-0.0741142
0.03206914
-0.3548055
0.24933057
-0.41060317
0.3213963
-0.18756615
0.0459994
0.0990463
0.25872245
-0.25496253
0.16636622
-0.65953606
0.10103864
-0.5035216
0.35244438
-0.2075293
0.14682955
-0.12570925
0.35763493
-0.07822364
0.3203505
-0.6626993
-0.13850154
-0.3905308
0.44731218
-0.5620628
0.01679489
0.05921344
0.18014272
-0.35903794
0.26419458
-0.5646764
-0.10858481
-0.37018836
0.49303722
-0.3128484
0.18635269
-0.04358281
-0.20251067
0.07309252
0.26163894
-0.29996225
-0.07643369
-0.5602871
0.11809199
-0.08129036
0.29760337
0.0146118
-0.7962838
0.38974714
0.26560754
-0.21558858
0.22166432
-0.5019274
0.07855172
-0.03698835
0.11840903
-0.02399665
-0.74967843
0.5491127
0.04577507
-0.4730464
0.46750435
-0.5497508
0.10653341
0.08827978
-0.00271339
-0.09503607
-0.3928433
-0.08731005
0.06766104
-0.32403016
0.38510767
-0.0318333
-0.02275401
0.10154467
-0.18197863
0.23233296
-0.09229285
-0.46933135
-0.06718783
-0.02326975
0.403774
-0.03216788
-0.16623658
-0.02975796
0.11583332
0.06379744
0.10152441
-0.99522144
-0.03560797
0.15891135
0.20186716
0.20909601
0.08682161
0.04305457
-0.09327199
0.08577309
-0.09194949
-0.5042432
0.04320886
0.12906733
0.1747097
0.21570286
0.0911859
0.08369811
-0.37739336
-0.01019302
0.01289255
-0.18363415
-0.05493721
0.35155204
-0.12282087
0.07536812
0.13561946
-0.03146838
-0.13259244
-0.15892978
0.13273388
-0.01100095
-0.00359087
-0.04534998
0.01785352
0.01009675
0.00827205
0.14240071
-0.17181168
-0.2222094
-0.01969233
-0.18608212
0.0789661
0.19235487
0.2257608
0.0437419
0.05682738
-0.09285803
-0.1098235
-0.19322868
0.15410231
0.22924596
0.12132406
0.21663615
-0.16850342
0.00072996
0.146017
-0.08555951
-0.1764918
-0.27979484
0.02060345
-0.12688877
-0.02151729
0.34171686
-0.3356188
0.10995397
0.10195406
-0.27495328
0.15011445
-0.7212561
-0.08853857
-0.44770825
0.19156243
-0.18624237
-0.6788862
-0.04965308
0.08984705
-0.00520831
0.172219
-1.7145078
-0.13847749
-1.2467254
1.2317703
-1.4544678
-1.1462812
-0.62062
0.42155567
-0.15505636
-1.3725863
-0.53858066
-1.1564522
0.10990968
0.9218871
-1.3573374
-1.0198929
-1.4615291
-1.013844
-0.8090037
-1.4260423
-0.8289357
-0.3695552
-0.6922198
1.2385095
-0.5538112
-0.58924836
-0.7632189
-1.4493018
-0.54529315
-0.53689677
-0.75496763
-0.02193781
0.20247252
-0.22854716
-0.740738
-0.691762
-0.4367429
0.0314408
0.50420225
-0.5485285
0.245816
-0.01473933
0.50530845
-0.6453237
0.8368881
-0.0453224
-0.7345852
0.03317265
0.06747486
-0.57913506
-0.3941619
-0.9795168
-0.17654851
0.05993942
0.24358149
0.0748172
-0.908334
-0.32626373
0.7503995
-1.0328729
-0.78241277
-0.5580843
-0.7506342
0.09501394
0.9067098
-0.4298475
0.23470278
-0.00708747
-0.54800004
-1.500201
-0.45299923
-0.04167235
-1.3386769
0.28158876
0.26840675
-0.31776625
0.47647175
-0.5441927
-0.05951457
-0.524558
-0.8397395
-1.6293555e-01
-1.8667998e00
3.1514806e-01
2.5989521e-01
-1.8985552e-01
1.6994372e-01
-4.3705273e-01
6.4173259e-04
-1.2339337e-01
-6.6257823e-01
0.01340608
-1.5856954
0.12772879
0.17375448
-0.15974015
0.5155879
-0.04563752
-0.42908108
-0.1332093
-0.10447243
0.03402608
-0.48885015
0.42517903
-0.1571221
0.05381246
0.05934078
0.13842513
-0.39585787
-0.10105462
-0.01496646
0.20830533
-0.02736822
0.13421376
-0.1946495
0.02335656
-0.23909415
0.13801283
-0.4462747
0.0387954
-0.23578644
0.2600163
-0.18952176
-0.05749356
-0.46558657
-0.02147448
-0.46117634
0.14005686
-0.33328885
0.16022703
-0.11423179
0.35088927
-0.34438577
0.1341629
-0.5800811
-0.3486203
-0.38511455
0.23537974
-0.47607973
0.17378303
0.21497193
0.06188926
-0.30308282
0.02789563
-0.5113854
-0.20574318
-0.3077034
0.11237599
-0.35567376
0.16561346
0.12675627
-0.40247765
-0.06111876
0.38186404
-0.7232301
0.17564255
-0.3960612
0.4982484
-0.20215526
0.07934323
-0.3891646
-0.7510914
0.22873
0.18222508
-0.38465834
0.3627823
-0.12442585
0.28510356
0.02611236
0.04281162
-0.25023773
-0.5001299
0.33912942
0.15795498
-0.2757204
0.3146696
0.13328028
0.02152018
0.11330856
-0.10795507
0.14688934
-0.18301111
-0.27824676
0.00453905
0.11688284
0.1725034
0.07309831
0.0356745
-0.01814735
-0.0216268
0.19565372
-0.0225819
-0.70410085
0.17374273
0.3293889
0.13441728
0.07997848
0.14399968
-0.19715187
-0.11493482
-0.04646335
-0.09382057
-0.3426041
0.20284608
0.21382347
-0.1356522
0.21857466
0.1437618
-0.15122318
-0.24194734
-0.04585206
-0.07372918
0.12481225
0.1669837
0.11388852
-0.20754051
-0.00692934
0.20516713
-0.05261651
-0.0798173
-0.17564614
-0.12974806
0.03997938
0.01643601
0.14408097
-0.14396557
0.02800689
0.01171577
-0.17090216
-0.13842224
-0.10413929
-0.1422283
0.35096303
-0.06573061
0.0385654
0.0711086
0.11484362
0.01694097
-0.2014215
-0.03498298
0.00063081
-0.09040744
0.04244456
0.02810439
0.24589123
-0.01087061
0.02417397
-0.07782469
-0.2155
-0.28693157
-0.20619169
0.18596679
-0.26036927
0.14111125
0.3482278
-0.6410177
0.03197801
-0.04819869
-0.194522
-0.13223018
-0.45845875
0.00705294
-0.34391215
0.24218272
0.00969791
-0.52868354
0.1404113
-0.16379789
-1.1070075
0.04706505
-0.8194841
-0.10901933
-0.57757664
0.6670223
-0.5584775
-0.774201
0.18916225
-0.0986006
-0.9521415
-0.13436702
-1.9904244
-0.34894723
-0.49435142
1.2036302
-1.7881202
-1.1045773
-0.535663
0.35251507
-0.8029498
-1.3480221
-0.8017129
-0.7505931
0.47143447
0.03233431
-1.0378265
-0.6053398
-1.4283248
-0.37933913
-0.26682577
-1.4632096
-1.1381826
-0.5849588
0.5153678
0.86936975
-0.72048664
0.10001745
-0.90728265
-0.9099283
-0.20256549
-0.63687843
-0.71501446
-0.01800602
0.36013958
-0.42792764
-0.06396791
0.00134751
-0.06655494
0.01691878
0.0070563
-0.15134157
-0.05121901
0.49913278
0.5298101
-0.78839725
0.24253105
-0.6596077
-0.73568016
-0.44377962
0.56729054
-0.8062136
-0.74861753
-0.21151431
0.28033948
-0.05947374
-0.44646308
0.11787283
0.50732356
-0.6430457
0.8786984
-1.4847974
-1.3552119
-0.47220176
-0.03395206
-0.14076267
0.7407346
0.185366
0.24414413
-0.236954
-0.85027206
-0.79300874
-0.27332816
-0.04888644
-1.1847465
0.1817358
0.22323324
-0.02343616
0.5030282
-0.13301161
0.40196154
-0.43892348
-0.7128069
-6.2685639e-02
-1.9852064e00
2.6761472e-02
4.0655509e-01
-1.2073399e-02
1.4697488e-01
-2.6707563e-01
1.4372995e-03
1.7414215e-01
-5.2571720e-01
0.08242093
-0.605195
0.03690973
0.13052386
-0.04269397
0.35637495
-0.08799874
-0.47978446
0.00949974
-0.25073335
0.19287433
-0.03515413
0.29492334
-0.10964374
-0.21438959
0.16677514
-0.0578943
-0.80188185
-0.1399937
0.04617829
0.12935242
-0.12953223
0.22628212
-0.0867731
-0.4179248
0.31879935
-0.11891172
-0.28720498
-0.04941351
-0.14631839
0.14696354
0.02521623
0.24246907
-0.06659219
-0.5488565
0.08626584
0.2380189
-0.32834184
0.14417633
-0.46388984
0.24013494
-0.15135515
0.33719763
-0.13539618
-0.57151496
-0.01882935
0.32514176
-0.60291743
0.13783133
-0.27134016
0.28252596
-0.09936641
0.28431693
-0.23205066
-0.26514933
0.09288965
0.5935546
-0.3709026
-0.05613524
-0.34322628
0.21384645
-0.06737261
0.29149514
-0.22794324
-0.42627296
0.10436396
0.55008614
-0.09336899
0.02028214
-0.28873277
-0.20851865
0.13375337
0.4402865
-0.06448336
-0.14965066
0.08714543
0.25935867
-0.07716773
-0.09037949
-0.15858705
-0.17687967
-0.10545928
0.15657188
0.05943079
0.24770093
0.05349084
0.30422023
0.14216314
-0.14553763
-0.14641151
-0.22356527
-0.0564139
0.16026817
0.14057857
0.06568184
0.01940727
0.28722835
-0.11795841
-0.09831219
-0.26021853
-0.16519055
0.10323571
0.15045057
0.14909793
-0.03465121
-0.09941355
0.15195742
-0.34639192
-0.11105928
-0.17213705
0.05255765
-0.02969852
0.18541656
0.28915188
-0.2444769
-0.12127306
0.21548113
-0.3237372
-0.0096752
-0.2490889
-0.05169873
0.2255694
0.05870198
0.23504084
-0.19458847
0.0555255
0.1187366
-0.42904046
0.06814481
-0.19116779
-0.22253023
0.35331246
-0.10259441
0.11860228
-0.36833924
-0.05582782
-0.04076144
-0.2292743
-0.04617663
-0.14017127
-0.05398997
0.08232024
0.14970694
0.0240964
-0.35046837
0.07522924
-0.03891118
-0.27528298
-0.05210251
-0.1276528
0.09320065
-0.00063484
0.23982216
0.22767513
-0.04402991
0.04620583
0.06509782
-0.58228564
-0.17149983
-0.3326666
0.32056758
-0.3694889
0.28684962
-0.07529933
-0.95867825
0.12557071
0.15822546
-0.64853954
0.14527489
-0.45309925
-0.15376809
-0.07096582
0.09858064
0.14043288
-1.06435
0.21942481
0.08434819
-1.1913098
0.23447266
-0.5079307
0.05722093
0.15418203
0.12969515
-0.23191522
-0.7101758
0.4267858
-0.2083852
-0.7398071
-0.2489619
-0.9833775
-0.6359317
0.19076374
1.1484452
-2.7774374
-1.0224108
0.02525378
-0.33849418
-0.42466196
-1.3393408
-0.4310658
-0.7791986
0.46950313
0.7268986
-1.1185237
0.22925998
-1.0424982
-1.1205567
-0.2533431
-1.3489246
-0.6137062
-0.5873574
0.6196031
0.62229365
-0.61743814
0.07080305
-0.5153664
-0.6643452
-0.12234044
-0.6083062
-0.55856586
-0.03501415
-0.01214992
0.02794296
-0.00907664
-0.08110746
0.0629055
0.07867978
-0.00616286
0.06582842
0.00661822
0.6570617
-0.13325071
-0.64752495
0.45659822
-0.12471864
-0.66463166
-0.3603502
0.48865733
-0.45258287
-0.6424698
-0.16621678
-0.448078
0.38764244
-0.3268657
0.35310742
0.3846133
-0.4762367
0.03285801
-1.3421667
-0.9948991
-0.22189312
0.17685845
0.26737893
0.46202257
0.27937412
0.15047689
-1.4043595
-1.0737658
-0.70525587
-0.5149328
0.24524061
-0.7111563
0.36442703
0.34949583
-0.09453573
0.04692675
-0.13966644
-0.5279958
-0.41233712
-0.24910176
0.26632655
-1.048673
0.24656363
0.24809188
-0.45101023
0.32214138
-0.39520714
-0.7859968
-0.08572043
-0.17302132
-0.01299076
-0.1763127
0.2128647
0.46748978
-0.31595457
0.06230184
-0.29559544
-1.5042095
-0.06476825
-0.39209026
-0.00617099
-0.04011358
0.4754855
0.1848779
-0.75782996
-0.03098206
0.12793201
-0.84648263
0.26788485
-0.45043084
0.14718382
0.1675751
0.20085801
0.18019831
-0.8066413
0.14129181
-0.18345864
-0.2595808
-0.03348441
-0.26330817
0.0705929
0.1340093
0.3683142
0.27812967
-0.43099186
0.2846119
0.2212062
-0.26831913
-0.05133072
-0.53171444
0.38863832
0.19681823
0.29448336
0.01794871
-0.4908127
0.10906053
0.4387638
-0.31508923
0.07805298
-0.6899213
0.45265678
0.21148717
0.4266882
-0.10445892
-0.21942507
0.20908217
0.37114733
-0.27497685
-0.1445929
-0.6422735
0.49920958
0.16005647
0.2585123
-0.29767162
-0.26952198
0.09182158
0.5345844
0.016311
0.00059347
-0.55963665
0.19032419
-0.03815034
0.22294703
-0.02332116
-0.332852
0.1375664
0.3754692
-0.02061855
0.04975106
-0.20318584
0.00186505
0.12763308
0.0663113
0.13303323
0.05613423
-0.00717317
0.57720834
0.02524382
-0.10477336
-0.22227934
0.02978482
0.11132578
0.21638168
0.05817327
0.13166301
0.05784981
0.38080528
-0.1919149
0.12482575
-0.28578842
-0.1332226
0.4006028
0.05364148
0.09119061
0.16046631
0.18190707
0.08805936
-0.4009575
-0.20930788
-0.08971094
-0.0372356
0.23233773
-0.1139977
0.11726262
0.0580834
0.09672222
-0.00806031
-0.47056323
-0.10005356
-0.20066078
-0.15880623
0.5528213
0.07500511
0.28547367
-0.06861098
0.13835602
0.23823524
-0.775618
-0.06862685
-0.34049308
-0.14802274
0.3549098
0.1518891
-0.00388262
-0.37113923
0.03934676
-0.05472282
-0.6591703
-0.05346243
-0.20042533
-0.16486026
0.01323828
0.16895927
0.22602616
-0.4886779
-0.00867344
0.18135928
-0.93203413
0.06544193
-0.286208
0.04297829
0.15403102
0.23957428
0.0483461
-0.20936874
0.03070863
0.0883086
-0.7458267
0.22562593
-0.5354785
0.0745701
-0.13416158
0.27691144
-0.11079907
-0.59125274
0.36228463
-0.13078529
-0.6932695
0.1078364
-0.3703897
-0.43520308
-0.3627566
0.2793669
0.15802605
-0.84273976
0.0637858
-0.02876004
-1.006703
0.09845107
-0.36114442
-0.17351341
0.1256962
0.10409044
-0.01950923
-0.5476114
0.04426243
-0.25509983
-0.25288132
-0.29018888
0.1997438
-1.1548071
0.04438204
0.65484655
-2.3690124
-0.9369996
0.46380934
-0.0784082
-0.4204971
-1.3486958
0.5097739
-0.40509295
0.53072476
0.18546343
0.31960237
-0.35656983
-1.0381913
-0.34368238
-0.27559507
-1.175403
-0.6844654
-0.06520802
0.5513009
-0.4127775
-0.14042367
-0.30283743
0.55682266
0.01530427
-0.0558654
-0.5556475
-0.07896028
-0.05869944
0.54193455
-0.44651878
-0.24763502
0.02683536
-0.09014833
0.06481835
-0.01902803
-0.31163406
0.02851297
-0.25743735
0.2816605
0.21100959
0.5642495
-0.0229068
-0.8590763
-0.14418292
-0.47717565
-0.6732035
-0.5704367
-0.531917
-0.0504596
0.43164244
0.06702074
0.15498297
-1.1201587
-0.5772806
-0.987102
-1.3063976
-0.89376295
-0.03260043
0.57040375
0.1492904
0.43798095
-0.600069
0.02976988
-0.9467408
-1.5140817
-0.7272827
-0.9425131
-0.10112932
0.44919372
0.07640592
0.2145397
-0.61004466
0.27180755
-0.7153045
-0.85817033
-0.13297857
0.00681087
0.01359509
0.45000225
-0.01626883
-0.03143297
-0.54920685
0.16001472
-0.58928734
-0.83857906
-0.1589654
-0.03256727
-0.05668265
0.36451703
0.10573769
0.148707
-1.0942892
0.18073559
-0.62119234
-0.7007964
0.23753162
-0.19800396
0.02775345
0.17623658
0.08341304
0.2128475
-0.7591605
0.14167216
-0.09247012
-0.6081368
0.24438088
-0.36993888
-0.03189278
0.2843446
-0.06398901
0.23286484
0.00716461
0.34625357
0.18632084
-0.07499462
0.07771626
-0.19229448
-0.03708119
0.16772625
0.31110045
-0.10245297
0.03425917
0.10582333
0.1978346
-0.09477422
0.19629109
-0.10482415
0.28906393
0.41592813
0.19536428
-0.10924188
-0.16540185
0.06491225
0.17314535
-0.1255665
-0.07558082
-0.19744563
0.2821924
0.00641979
0.26826724
-0.003609
-0.07186248
0.24158832
0.45182252
-0.09929942
0.04032968
-0.34642497
0.26023352
-0.12233733
0.10753505
-0.07678044
-0.12242666
0.16811456
0.6388539
-0.00453193
-0.07741357
-0.33160347
0.21709588
-0.12953074
0.19218321
0.04256494
-0.22882706
0.2089743
0.5588071
-0.10927823
0.13664547
-0.32763216
-0.03013545
0.1818237
0.0563026
0.05612462
-0.1102311
0.20569861
0.593221
-0.14411056
0.06448022
-0.26126325
0.00464267
0.22163317
-0.08598446
0.07564456
-0.04667092
0.16702455
0.30502635
-0.14623696
0.00560217
-0.30292246
-0.07564538
0.14276493
0.13631651
0.1303641
-0.11975171
0.0647428
0.3077595
-0.12151485
-0.0619051
-0.18603648
-0.30654797
0.00944585
0.30859405
0.08192129
-0.01150071
0.0913588
0.33388984
-0.2601318
0.09346221
-0.38689342
-0.27652213
0.36938992
0.30287576
0.19947927
-0.22452961
0.01579941
0.291746
-0.54559225
-0.04081947
-0.333236
-0.4199928
0.30324382
0.53006124
0.26713863
-0.1595235
-0.02870711
0.14695632
-0.5432062
-0.04759805
-0.30234155
-0.23808913
0.37362468
0.06116792
-0.00153158
-0.16284166
0.1896572
0.07463094
-0.5617859
0.1759226
-0.23948608
-0.00789717
0.29886833
0.13536064
-0.15053251
-0.08632092
0.3777489
-0.21034393
-0.5323741
0.0354406
-0.19474708
-0.1519706
-0.6510295
0.2567828
-0.05106341
-0.06222954
0.44725418
0.08931935
-0.7685222
0.1603342
-0.44957468
-0.20718685
-0.9354968
0.48663354
-0.26776114
-0.04497958
0.16057652
-0.2142464
-1.4665213
-0.18659
-0.32309896
-0.40209728
0.02246665
0.19667576
-0.87602335
-0.127615
0.30143362
-0.32071066
-0.12424064
-0.62816066
0.2432778
-0.8164876
-0.22224218
0.5155513
-2.397136
-0.8312912
0.15304972
-0.54152465
0.03673152
-0.95934933
-0.14506622
0.6000345
-0.0687583
0.18053159
0.11349096
-0.5522608
0.0802462
0.0640061
-0.52663785
-1.2400628
-0.5384237
0.06512661
0.03429083
0.0186414
0.04940958
0.00359285
0.04339299
-0.03153853
0.06191765
-0.08898636
-0.0527815
0.05895817
0.44130656
-0.3190838
-0.21061175
0.0410263
-0.03605894
-0.0576963
0.04001173
-0.40582117
-0.06534583
-0.0835217
0.42074442
-0.22069992
0.17389455
-0.04766912
-0.18634388
-0.06776688
-0.03930566
-0.31241795
0.00386938
-0.6980252
-0.07922218
0.37091914
0.07739247
-0.18467715
-1.4338603
-0.10151018
-0.8474246
-1.2799273
-1.3476311
-0.49108374
0.324695
0.41116714
0.43438244
-0.7357968
0.09716461
-0.6106562
-1.0843595
-0.0504564
-0.10579682
-0.7506508
0.18954004
0.14479908
0.11922789
-1.0920277
0.32163212
-1.2393366
-0.67241436
0.05593319
0.00223272
0.16178654
1.2135847
0.27447322
-0.07562769
-0.949809
-0.24607112
-1.0218291
0.04766524
-0.10777711
-0.4062016
-1.7917359e-02
3.7514755e-01
2.5730214e-01
1.0901343e-01
-5.7920390e-01
-2.2240223e-01
-1.6087105e00
-2.7070186e-01
1.0757315e-03
-2.7781460e-01
-0.13632053
0.07152712
0.25490445
0.0223072
-0.3882688
-0.0994607
-0.21377914
0.15399984
0.03249606
-0.2884056
0.10801146
0.20966503
0.33798122
0.02388488
-0.2035233
0.03634514
0.16747265
0.04229953
-0.04367923
0.12211715
0.23869002
0.08988839
0.42654797
0.0110194
-0.14054048
0.04597247
0.19630994
-0.07628545
-0.05677527
0.00911617
0.20397064
-0.06656277
0.15972197
0.12089109
-0.22204944
0.02761831
0.343091
-0.01552914
0.0391718
0.19351117
0.12358787
-0.31562668
0.25238162
0.15217592
-0.12501113
0.15926611
0.15440689
-0.24781466
0.11320629
0.04793467
0.19265632
-0.47415507
0.0912333
0.01579598
-0.20353344
0.18995705
0.29848427
-0.03708249
0.13282731
0.09405054
0.47651193
-0.3331823
0.14482722
-0.08767692
-0.17345731
0.22909527
0.40967637
-0.20617414
0.22073539
-0.07025626
0.24245168
-0.02204975
0.008598
0.03769204
-0.20350678
0.28535438
0.07180035
-0.04402883
0.22348738
0.03340112
0.1650697
-0.00440495
0.01723975
0.15961297
-0.15414041
0.11924682
0.37842342
0.0255052
0.14713624
-0.21920995
0.03283257
0.10127614
0.01751077
0.15079978
-0.17646877
0.22916073
0.21757351
-0.05571147
-0.0198431
-0.18182707
-0.00200208
0.25003085
-0.01756759
0.11312611
0.0499164
0.06693635
0.02405325
-0.30025473
0.02307487
-0.2348777
-0.1353256
0.5253353
0.28281415
0.13102192
-0.02728524
0.25379428
0.03512157
-0.38984358
0.01818885
-0.2985443
-0.04305979
0.364254
0.26662603
0.21980636
0.25867277
0.17841676
-0.0487724
-0.17122634
-0.04264092
-0.48156965
-0.14248657
0.444422
0.30483323
0.13036846
-0.08797771
0.10749406
0.173017
-0.5522219
-0.09131875
-0.08820418
-0.07927705
0.1660934
0.22215399
-0.02196459
0.30636123
0.04484011
0.15417852
-0.67322993
0.04925975
-0.23870242
0.29924065
-0.8404895
0.26442623
0.09653687
0.02106228
0.12326678
-0.44603822
-0.69555855
0.0859426
0.09179202
0.06823207
-0.02569317
0.07164964
-0.05058409
0.08072119
0.4005164
-1.0255951
-1.3644155
-0.06417901
0.17891291
-0.61859906
-1.0894542
0.422922
-1.112826
0.03672059
0.31381267
-0.99741167
-0.54843557
-0.23540382
0.3169032
-0.41486108
0.35215628
0.12353999
-0.6960411
-0.66620296
0.2170058
-0.8026106
0.15872718
-0.28854808
0.25788134
0.52986836
0.7435047
-0.62997097
0.41009304
0.5985335
0.6090702
0.45466623
-0.8406387
-0.7323056
-1.0488635
0.14523795
0.03729058
-0.14821017
0.00232809
0.0479775
-0.01807195
0.00921194
-0.01570612
-0.20196402
-0.08211936
-0.057074
-0.08660293
0.00691608
0.03713895
-0.05046631
0.01641254
-0.02342274
-0.05751245
0.07836454
0.07501657
0.04466143
-0.01543838
0.01873457
0.00847357
-0.02333619
-0.01144353
-0.00668458
0.04726716
0.0123761
0.01768206
-0.51697296
-0.3473877
-0.15541062
0.9525842
-0.3146929
0.18199402
0.03234097
-1.053654
-1.1599834
-0.8318219
-1.103874
-0.7783256
-0.35445604
1.0907636
-0.79321426
0.5120953
-0.23569266
-1.1020076
-0.21313354
0.12950811
-0.969589
-0.7497122
0.06407962
0.5571033
-0.97377706
0.3799437
-0.41013035
0.04592915
0.00407718
-0.59517276
-0.26213828
0.5865921
0.03344885
0.32618776
-0.7562973
0.2967314
-1.581695
0.19669706
-0.25076827
-0.22507323
0.06405214
0.37318498
0.20215085
0.3388175
0.31905997
-0.01586465
-1.5616198
0.24135517
-0.34445277
-0.43834454
0.12987114
-0.00538363
0.20158504
0.3324155
0.16338243
-0.19706579
-0.948332
0.39752254
-0.15893479
-0.11261696
0.18048857
-0.1393882
0.21116053
0.07059497
-0.0383388
0.14613071
-0.29335347
-0.44684726
0.1698228
0.09927087
0.23477103
-0.00701675
0.1800046
0.15095302
-0.0269525
0.10942477
-0.1862047
-0.1923537
0.01979589
-0.3210944
0.36073646
-0.23675485
0.01506951
0.23837408
-0.0641597
0.3437625
-0.3712671
-0.03227662
-0.03335207
0.02786007
0.46743262
-0.13654317
0.19613582
0.24545307
-0.00139465
0.16912447
-0.3486521
-0.34527326
0.1207674
-0.08173399
0.17423896
0.19092676
0.28294158
-0.06047258
-0.09694374
0.21490373
0.00395857
-0.30576813
0.25269428
-0.09546148
0.22395892
-0.13592322
-0.00127987
0.18094796
-0.02978609
0.04101106
0.04610667
-0.29737526
0.3774295
-0.08554039
0.22212964
-0.2515231
0.11422633
0.094282
0.00085945
0.17507221
0.09332982
-0.07752158
0.2663278
0.09574622
0.15497637
0.1059989
-0.03790965
0.06529518
-0.1090925
0.12584417
0.04584682
-0.00806884
0.21950185
-0.20089084
0.02977863
0.14589232
0.00792697
-0.0943967
0.0726171
0.2318912
-0.05645601
-0.14609127
0.32848725
-0.13056539
0.17893508
0.56463385
0.01399294
0.12554805
0.02210993
0.07191817
-0.09195618
-0.2512152
0.16348228
-0.1762296
-0.37878245
-0.07904922
0.3768064
0.34266925
0.14757025
-0.24561968
0.17828149
-0.35011292
0.14613052
-0.1983675
-0.34885675
0.1018761
0.47102663
0.1263925
0.14472046
-0.11425678
0.32929972
-0.6443495
0.17883132
-0.11167335
-0.49723098
-0.32672074
0.34530902
0.13982704
0.07221812
0.11641306
0.24458137
-0.7693467
0.00338305
-0.00640961
-0.17831796
-0.49357784
0.57195973
-0.25580034
0.28617844
-0.25100777
0.0447417
-0.9537709
0.10132561
0.01785188
0.1458051
-0.4931557
0.63120323
-0.74309915
-0.32207516
-0.00651417
-0.3602517
-0.45985317
0.08250418
0.50443226
-0.33799335
-1.3949298
0.5699316
-0.78209364
-0.28133798
0.15905452
-1.1244705
-1.3698238
0.5778257
0.42435718
-0.7632578
0.10825098
0.6535752
-0.2314466
-0.4384797
0.2264801
-1.2148607
-0.7682351
-0.3711246
0.2894511
-0.33089173
0.4493589
0.20417693
-0.652438
-0.10695758
0.2109934
-0.68245685
-0.47835204
-0.44874865
-0.29437816
-0.5353925
0.7135804
-0.5615921
0.63882023
0.60257643
0.62809163
-0.6557344
-0.5349676
-0.8399143
-0.8656731
-0.03371166
0.01333148
-0.0282248
-0.00802646
0.04602862
-0.0851524
0.05099205
-0.00202167
-0.03731263
0.04787963
0.07718172
-0.01560891
-0.0350024
-0.05827647
0.00163607
-0.00794335
-0.0704882
0.02791931
-0.06340732
-0.04941799
0.04989994
0.03556709
-0.01399425
-0.03819471
-0.00871448
0.02072788
-0.05221751
0.05147678
-0.03850304
0.07392057
-0.5762038
-0.01690302
-0.6759273
0.5117793
-0.05696517
-1.0179585
-0.07318983
-0.16706556
-0.47018307
-0.72532797
-0.6172696
-0.65218276
-1.1162003
0.85156626
-0.5672501
0.54038876
-0.0036723
0.01702066
-0.77213633
-1.2427855
-0.14301609
-1.1617986
-0.6715592
0.93879795
-1.1000272
0.10490021
-0.08320077
0.31698814
-0.97312117
0.04220621
-0.11697974
-0.20188151
-0.6401389
0.18526334
-0.03570315
0.05229269
-0.52424157
0.82368135
-0.635281
0.36735016
-0.39484337
-0.10745604
-0.680349
0.53421205
0.3087357
0.0740006
-1.0693054
0.47150013
-0.42975885
-0.05460925
-0.2895619
-0.14034417
-0.39041817
0.5027777
-0.01117163
0.02801584
-1.2957933
0.30361944
-0.21713027
0.20861332
-1.2341225e-01
-3.8911137e-01
-1.5287918e-01
2.3234822e-01
-1.0150848e-01
1.5425482e-01
-1.4807515e00
8.1299260e-02
1.8460704e-01
-4.4711353e-04
0.14411406
-0.07030173
0.09166425
0.18826441
0.030487
0.4266317
-2.2327368
-0.19010682
0.09510119
-0.27332288
4.8672255e-02
-2.9412931e-01
-1.4341955e-01
3.6400604e-01
-1.5799202e-02
1.8047293e-01
-3.3742988e00
-1.0417729e-01
2.3734340e-02
-8.5409009e-04
-0.01034523
-0.28625262
-0.06032279
0.33126923
0.15543117
0.16104484
-1.2490431
-0.03824818
0.3150135
-0.20944749
0.4119676
-0.27120736
0.15116833
0.29743373
-0.18481736
0.20767666
-0.7246253
-0.16948506
0.31022602
-0.2250681
0.2811635
-0.44497207
0.01119855
0.35386732
-0.16765128
0.4835865
-0.5734112
0.13871795
0.2365148
-0.27842996
0.04719991
-0.273503
0.3839731
0.34811577
0.03199224
0.3447849
-0.5540042
0.01451916
0.257428
-0.3716221
0.18488522
-0.27527025
0.08391138
0.13004735
-0.19334775
0.34079206
-0.18257308
-0.00060294
0.28605938
-0.00559039
-0.18149453
-0.8613824
-0.15265301
0.26785788
0.12897037
0.02936347
0.06022541
-0.1502812
0.46333507
-0.05704376
0.01816328
0.00802424
0.17227551
0.15077288
-0.19197221
0.30780986
0.05315851
-0.09344158
-0.18704043
0.07641236
-0.35624507
-0.04533684
0.41740352
-0.16727045
-0.05121826
0.30827904
-0.22061609
-0.3822468
0.25495717
0.02334142
-0.84228003
0.07712813
0.23055883
-0.24663934
0.07866488
-0.01686784
-0.65607417
-0.43515518
0.61837846
0.04601962
-1.0491712
-0.33864325
0.08802803
-0.336596
0.1012313
0.19604243
-0.44602334
-0.43986624
0.18405403
0.23101282
-0.8129239
-0.43525937
0.3411837
-0.26903036
0.15831113
-0.07880975
-1.8526311
-0.26623163
-0.12689894
0.12885495
-0.78729177
-0.6285882
0.14548919
-0.28628418
0.27107424
0.46856445
-1.4837062
-0.51191425
-0.12622254
0.50212014
-1.4384624
0.11314273
0.26931906
-0.69026077
0.0852901
0.1889921
-0.82856256
-1.6779344
0.13964918
0.58947456
-0.59120274
-0.30737638
1.3957441
-0.77409476
-0.86454874
0.42905617
-0.47090954
-0.95213085
-0.8692493
-0.29906568
-0.16671538
0.5490709
1.1691304
-0.60448164
0.58980787
-0.9253083
-0.27553633
-0.87449324
-1.1374836
-0.7199409
-0.0378743
0.55398697
0.64604706
-0.3174476
-0.2811646
-0.5467329
-0.08425438
0.0368747
-0.86523384
-0.6519717
-0.08525261
0.01163529
0.07695859
0.0481716
-0.0478466
-0.0082581
-0.08276639
0.08228705
-0.01688046
-0.07241424
0.06575046
0.02461744
-0.08249938
0.02212706
-0.0403923
0.05784812
0.06891128
0.0305571
-0.01301587
-0.03375035
-0.03175639
0.02270017
-0.08103001
0.07452249
0.02569318
-0.08633553
-0.05161994
0.00767197
-0.01822702
0.07836509
-0.19196352
-0.02725257
-0.19604376
0.68712014
-0.427395
-0.03079817
-0.05220701
-0.84436536
-0.60772717
0.5875222
-0.10437762
-0.7299316
-0.7655072
-0.60484046
0.01304692
0.57093525
-0.01916338
0.73715764
-0.70155877
-1.1571362
-0.18218781
-1.2913088
-1.122213
-0.18695374
-1.3673866
0.56771654
-0.04956351
0.57560915
-1.4893227
0.02867739
-1.3674276
-1.2923954
-2.2858353
0.14292696
-1.0944173
0.23335692
-0.1417326
0.1028489
-1.4469984
0.73147297
-1.132447
-0.9667878
-1.0655197
0.5137856
-0.51464796
0.19454412
-0.24373458
-0.10244086
-0.04963358
0.21051902
-0.56279135
-1.1725211
-0.8342062
0.7506171
-0.5539315
-0.07524365
-0.5429804
0.17313333
-0.29916042
0.15754579
-0.6766328
-0.47455126
-1.4993454
0.90636104
-0.63072556
-0.1546526
-0.52145153
0.32094368
-0.48018122
0.37941402
-0.8855664
-0.61953664
-1.8534063
0.77915806
-0.46444234
0.23203969
-0.64073074
0.31810027
-0.3636581
0.09181436
-1.1414992
-1.6992731
-1.2226028
0.67956924
-0.13948129
0.16798535
-1.4342682
0.2263512
0.1289766
0.25167468
-0.78200454
-1.7443312
-0.9638725
0.4506758
-0.30943745
0.27293453
0.10519707
0.43975276
-0.03164031
0.11649735
-1.0625811
-0.8196971
-0.48780277
0.71053845
-0.6142623
0.2827823
0.22539257
0.37696388
-0.10931388
0.15697932
-0.8877927
-0.77296317
-0.30768937
0.6454402
-0.184676
0.36177418
-1.1851865
0.15220493
-0.08585427
0.14515275
-1.1614193
-0.82532287
0.19923997
0.36354318
-0.187168
0.05678116
-1.4130042
0.16992472
0.23788543
0.3353234
-1.3314346
-1.2482297
0.1911508
0.16594377
-0.15195394
0.534602
-1.4629602
0.03536142
0.26276702
-0.00191278
-1.1070989
-2.2204947
0.08517109
0.45335838
-0.48683816
0.4925757
-1.4516559
0.14686738
0.3358854
0.18054758
-1.1373584
-2.000941
0.00559235
0.06380476
-0.43952876
0.5644235
-1.6197902
0.05407079
0.27934435
0.14447474
-1.5151457
-1.7188374
-0.5162615
0.24580106
-0.27888566
0.49016204
-1.5094744
0.11596502
0.24509734
0.22986493
-1.8016822
-1.6759799
-0.70816755
0.7431184
-0.6103492
0.4921233
-1.3588423
0.09877871
0.25397485
0.34002185
-1.0641903
-1.12212
-0.3769323
0.29452473
-0.32458618
0.08082272
-0.9465285
-0.19567952
0.22178455
0.604786
-1.2188767
-0.5330757
-0.29745683
-0.22381029
-0.37604326
0.6916506
-0.5332882
0.03749179
-0.31841803
0.62085676
-1.1708186
-0.45697406
-0.90229523
0.18191062
-0.15058437
1.0282209
-0.34354877
0.21462788
-1.2898536
0.03583861
-1.006044
-0.6313559
-1.0042368
-1.1144817
0.03269173
0.9189016
-0.4249182
-0.31335905
-0.68640494
0.07423862
-0.7994506
-0.457368
-0.1953952
-0.11856417
-0.52175564
0.9670598
-0.08314233
-0.20778094
-0.88733107
-0.4226917
-0.06372655
-0.07330588
0.5106804
-0.12348104
-0.6316338
-0.00163134
-0.06854476
-0.49748278
-0.65055734
-0.48116392
-0.00720254
-0.05730663
0.64533585
-0.04386316
-0.29261813
-0.06755397
0.03282675
-0.0736053
-0.5746245
-0.5186729
-0.01504356
-0.01021814
-0.0628922
-0.02411418
-0.06764733
0.03730297
-0.04632164
-0.043509
0.04787239
-0.06797005
0.06888384
-0.07854011
0.06444427
-0.01876814
-0.02406838
0.01701053
-0.01879517
-0.05186456
-0.05639872
0.03087317
0.05047516
-0.03215546
-0.06097198
-0.01763758
0.04500899
-0.02774859
-0.06362405
0.06717015
0.01271331
0.04404744
-0.01009867
0.0626866
-0.06577443
0.02099138
0.06586935
-0.04799164
0.04320044
0.0805426
-0.00203612
-0.07838873
0.0382506
-0.2501917
0.0478079
-0.57661474
-0.12227145
0.05834475
-0.01588253
-0.5546346
-0.3181376
0.50692564
-0.07706841
-0.45395443
-0.5033265
-0.34089425
-0.9155276
-0.3758502
-0.06261112
-0.84849405
-1.1933999
0.88261527
-0.7273052
-0.8547598
-0.815493
0.08368047
-0.7705621
-0.6512939
0.02572336
-0.5787743
-0.86465675
0.66357243
-0.9151643
-0.8926888
-1.0695248
-0.2639666
-0.9913728
-0.9945788
0.00428581
-0.24525726
-1.3905008
0.8480614
-0.9906246
-0.80521697
-1.4459454
-0.12970771
-1.7307539
-1.0520321
-0.13720332
0.35756332
-0.0747594
0.8039186
-1.6289382
-1.3631564
-1.2913777
-0.28749344
-0.7750283
-1.2281618
-0.10424486
0.3430259
0.11035594
0.639113
-1.6945816
-1.3938962
-1.3861109
-0.32350835
-1.4212828
-0.6910477
-0.15673912
0.44463602
-0.44664314
0.6678769
-1.8002676
-0.99724686
-2.1361413
0.01586597
-0.9048084
-0.31155843
-0.5889238
0.25278017
-0.6143436
0.54828113
-1.6327554
-1.3759042
-0.87628907
0.01712293
-1.3977945
0.35204557
-0.61636776
0.19460736
-0.34380636
0.49734202
-1.7969298
-1.9456481
-2.0317461
-0.18993177
-0.98244464
0.2717366
-0.44477853
-0.02248871
-0.2794805
0.6403065
-1.205122
-1.4178883
-1.8138213
0.26165935
-1.3959496
0.02473883
-0.7297149
0.43569744
-0.3599857
0.5378845
-1.1307856
-1.610905
-1.9523631
0.22583398
-1.8694274
-0.13779056
-0.7487635
0.39886966
-0.45835158
0.8326464
-1.3646139
-1.2007898
-1.4668293
0.12881029
-1.306676
0.4883516
-0.87416714
0.4858252
-1.8931584
0.32818702
-1.158475
-1.263709
-1.3592924
0.331709
-1.4466391
0.14865758
-0.53438276
0.384454
-1.5217013
0.49362332
-1.0898134
-1.2865868
-0.95032936
0.20235783
-1.2307764
-0.40114716
-0.31270707
0.4139234
-0.3598184
0.46572408
-1.2764002
-0.7363
-1.1776745
0.29885054
-1.4631443
-0.57203215
-0.28067324
0.54300684
-0.32481712
0.6155147
-0.9948663
-0.8030577
-1.1251408
0.3318458
-1.341605
-0.38255316
-0.2660151
0.6974831
-1.434046
0.25030732
-0.7738593
-0.6521462
-1.1197115
0.2792684
-1.5103985
0.12746507
-0.26142907
0.03312155
-1.1299196
0.598631
-0.84590805
-0.6137695
-1.1235001
0.07410963
-1.5163872
0.458464
-0.27259353
0.03660872
-0.44871357
0.346063
-0.31232587
-0.5885628
-0.8226665
0.09222743
-1.3939499
0.6214899
-0.20248644
0.5493279
0.04513205
0.06867694
-0.25639334
-0.5439457
-0.38807806
-0.79811203
-0.09273223
0.20517033
-0.0863543
0.08522548
0.47019306
0.3510509
-0.02230002
-0.05199753
0.0261032
0.08350873
-0.37900275
-0.09218427
-0.09781986
-0.46225306
-0.17276083
0.5569627
-0.02038086
-0.02059345
-0.05369333
-0.02545903
0.01730471
0.05460054
-0.06537034
0.33745176
-0.06392551
-0.30611888
0.0005549
0.06266295
-0.01825709
0.00113833
-0.05263107
0.02068799
-0.03021008
0.02683298
0.0228001
-0.03561123
0.03315573
0.0657502
-0.04203612
-0.06129475
0.03385833
0.00722603
0.04009669
0.07678721
-0.07793341
0.07039916
0.07603516
0.00832868
-0.02032139
-0.06934467
-0.02971944
0.0666912
-0.02230848
0.00286397
-0.0406677
-0.00947446
0.07554337
0.0421342
-0.04539331
0.06510449
-0.07145542
0.08319361
0.03493036
-0.01760281
-0.0454771
0.08178165
-0.06764646
-0.03054351
-0.0489652
-0.04907642
-0.05095968
0.05167281
0.0149769
0.04227272
-0.07778873
0.02958771
0.04979742
-0.01188658
0.06262139
0.03244565
-0.05448965
-0.04339895
0.02658582
0.08295395
0.02559392
-0.01605617
-0.05065184
-0.02955872
-0.07273416
0.01566575
0.01265304
0.07245261
-0.02571945
0.57948565
-0.00486874
-0.58009255
-1.08702004e-01
-5.32165356e-02
-6.13643713e-02
-1.70686245e-02
-9.63198915e-02
-1.88295508e-05
-3.51167284e-02
8.75110507e-01
-1.08794101e-01
-9.84209597e-01
-0.22929087
-0.07274312
-0.01631539
-0.2803871
-0.64037615
-0.20939739
-0.07950981
0.20881233
-0.38683057
0.2537324
-0.1447485
-0.07457553
-0.09067591
-0.38610315
-0.6233706
-0.43638897
-0.059939
-0.05009589
-0.64385444
0.3148529
-0.23624136
0.06243842
-0.15044522
-0.7258226
-0.61111903
-0.60093594
-0.08718389
0.29767483
-0.70452875
0.25365105
-0.45245275
-0.03127838
-0.2112741
-1.2145118
-1.0826361
-0.8958104
0.04070019
0.04949429
-0.87253314
0.32972357
-4.8812789e-01
-5.0513488e-01
-6.5729886e-01
-1.0930216e00
-1.0208073e00
4.0614471e-01
7.1273372e-04
7.1252632e-01
-7.4481285e-01
-4.1360274e-02
-0.6190556
-0.71699727
-1.032616
-1.5669875
-0.953048
0.4813047
-0.10608601
0.25102878
-1.1353264
-0.0340795
-0.62743473
-0.5629988
-0.5454651
-1.4104677
-1.1142349
0.29635137
-0.05306515
-0.00378382
-0.93955535
0.32719216
-0.5470738
-0.81800735
-0.5985392
-1.7928332
-1.5506978
-0.04170104
-0.05360227
1.4684585
-0.9364324
-1.0132824
-0.81575376
-0.7255656
-0.42125547
-1.5696026
-1.4986795
-1.5389442
-0.13354564
0.5135062
-1.3348113
0.23409855
-0.7529134
-0.1119399
-0.53788596
-2.2407832
-0.80331177
-1.4536442
-0.00326788
0.409079
-0.71844774
0.08246757
-5.7250482e-01
-1.5029530e-01
-5.3734213e-01
-1.3528585e00
-9.8856568e-01
-1.7378461e00
-1.4222802e-01
3.2388127e-01
-6.2957275e-01
-7.5870362e-04
-0.21071734
-0.50665504
-0.33046344
-1.5816219
-1.3472645
-1.2958059
-0.13041128
1.365334
-0.6738284
-0.6584536
-0.24382666
-0.6544635
-0.24471025
-0.9395226
-1.2012976
-0.63913363
-0.11910086
0.34413716
-0.6287236
0.14968736
-0.1734932
-0.42426538
-0.11649018
-0.9876189
-0.73817265
-0.68246955
0.02727367
0.7993478
-0.66857374
-0.32209963
-0.03267903
-0.08381976
-0.19332634
-0.7640357
-0.9376214
-0.67270434
-0.01263634
0.2994146
-0.38987914
-0.01751561
-0.25922114
-0.01372422
-0.6123949
-0.62061113
-0.5827318
-0.79876965
-0.15531528
0.45478046
-0.26181996
-0.3158682
-0.28005618
0.00596918
-0.61047417
-0.12959574
-0.58919686
-0.6291176
-0.04370237
0.5331763
-0.12097778
-0.16694528
-0.33404985
-0.03339663
0.03433089
0.01966512
-0.2721882
0.06291822
0.01224042
0.737245
-0.03948366
-0.91198105
0.00899405
0.08461831
0.04124372
-0.0395918
0.04240576
-0.03337383
-0.04111804
0.07002176
-0.02956979
-0.04343978
0.04432385
-0.06093135
0.03314836
0.02944056
-0.00114946
-0.04603377
-0.01472119
0.01437107
0.08378308
-0.02774331
-0.06435044
-0.01258684
-0.01625793
-0.05985226
0.03668747
0.04644468
0.02086009
-0.03289534
0.07290084
0.03381906
0.0726868
-0.0834556
0.00906429
0.0624988
0.05173036
-0.08524452
-0.08127362
0.02929333
0.0086922
0.03314844
-0.43013144
0.82074374
0.2405925
-0.3959875
0.331954
1.7362317
0.05181683
1.0376238
-1.5136703
-0.19869192